ヨナラ水道 
2018 1
             : 0  1  2  3  4  5  6  7  8  9 10 11 12 13 14 15 16 17 18 19 20 21 22 23 
 1 月 大 13.9 -4 -4 -2 -1 +2 +4 +5 +5 +4 +2 -1 -3 -4 -4 -3 -1 +1 +3 +5 +5 +4 +2 +0 -2 
 2 火 大 14.9 -4 -4 -4 -2 +0 +3 +4 +5 +5 +3 +1 -2 -3 -4 -4 -3 +0 +2 +4 +5 +5 +4 +2 -1 
 3 水 大 15.9 -3 -4 -4 -3 -1 +1 +3 +5 +5 +4 +2 +0 -2 -4 -4 -4 -2 +1 +3 +5 +5 +5 +3 +1 
 4 木 大 16.9 -2 -4 -4 -4 -2 +0 +2 +4 +5 +5 +3 +1 -1 -3 -4 -4 -3 -1 +1 +3 +5 +5 +4 +2 
 5 金 中 17.9 +0 -2 -4 -4 -3 -1 +1 +3 +4 +5 +4 +3 +0 -2 -3 -4 -3 -2 +0 +2 +4 +5 +4 +3 
 6 土 中 18.9 +1 -1 -3 -4 -3 -2 -1 +1 +3 +4 +4 +3 +2 +0 -2 -3 -3 -3 -1 +1 +2 +4 +4 +4 
 7 日 小 19.9 +2 +0 -1 -3 -3 -3 -2 +0 +2 +3 +4 +4 +3 +1 -1 -2 -3 -3 -2 -1 +1 +2 +3 +3 
 8 月 小 20.9 +3 +2 +0 -1 -2 -3 -2 -1 +0 +2 +3 +3 +3 +2 +1 -1 -2 -2 -2 -1 +0 +1 +2 +3 
 9 火 小 21.9 +3 +2 +1 +0 -1 -2 -2 -2 -1 +0 +1 +2 +3 +3 +2 +1 +0 -1 -2 -2 -1 +0 +1 +2 
10 水 長 22.9 +2 +3 +2 +2 +1 +0 -1 -2 -2 -1 +0 +1 +2 +2 +2 +2 +1 +0 -1 -1 -2 -1 -1 +0 
11 木 若 23.9 +1 +2 +3 +2 +2 +1 +0 -1 -2 -2 -1 -1 +1 +2 +2 +3 +2 +2 +1 -1 -2 -2 -2 -1 
12 金 若 24.9 +0 +1 +2 +3 +3 +2 +1 +0 -1 -2 -2 -2 -1 +0 +2 +3 +3 +3 +2 +1 -1 -2 -3 -2 
13 土 中 25.9 -2 +0 +1 +3 +3 +3 +3 +1 +0 -2 -3 -3 -2 -1 +1 +2 +3 +4 +3 +2 +0 -1 -3 -3 
14 日 中 26.9 -3 -2 +0 +2 +3 +4 +4 +3 +1 -1 -2 -3 -3 -2 -1 +1 +3 +4 +4 +3 +2 +0 -2 -3 
15 月 中 27.9 -4 -3 -1 +1 +3 +4 +5 +4 +3 +1 -2 -3 -4 -3 -2 +0 +2 +4 +5 +5 +3 +1 -1 -3 
16 火 大 28.9 -4 -4 -3 -1 +1 +3 +5 +5 +4 +2 +0 -2 -4 -4 -3 -2 +1 +3 +5 +5 +4 +3 +0 -2 
17 水 大  0.0 -4 -4 -4 -2 +0 +2 +4 +5 +5 +3 +1 -1 -3 -4 -4 -3 -1 +2 +4 +5 +5 +4 +2 -1 
18 木 大  1.0 -3 -4 -4 -3 -1 +1 +3 +5 +5 +4 +3 +0 -2 -4 -4 -4 -2 +0 +3 +4 +5 +5 +3 +1 
19 金 大  2.0 -1 -3 -4 -4 -3 +0 +2 +4 +5 +5 +4 +2 -1 -3 -4 -4 -3 -1 +1 +3 +5 +5 +4 +2 
20 土 中  3.0 +0 -2 -3 -4 -3 -2 +0 +2 +4 +5 +4 +3 +1 -1 -3 -4 -3 -2 +0 +2 +3 +4 +4 +3 
21 日 中  4.0 +1 -1 -2 -3 -3 -3 -1 +1 +3 +4 +4 +3 +2 +0 -2 -3 -3 -3 -1 +0 +2 +3 +4 +4 
22 月 中  5.0 +2 +1 -1 -2 -3 -3 -2 +0 +1 +3 +4 +4 +3 +1 +0 -2 -2 -3 -2 -1 +1 +2 +3 +3 
23 火 小  6.0 +3 +2 +0 -1 -2 -2 -2 -1 +0 +1 +2 +3 +3 +2 +1 +0 -1 -2 -2 -2 -1 +1 +2 +3 
24 水 小  7.0 +3 +2 +2 +1 -1 -1 -2 -2 -1 +0 +1 +2 +3 +3 +2 +1 +0 -1 -2 -2 -1 -1 +0 +1 
25 木 小  8.0 +2 +2 +2 +2 +1 +0 -1 -2 -2 -1 +0 +1 +2 +2 +3 +2 +2 +1 +0 -1 -2 -2 -1 +0 
26 金 長  9.0 +1 +2 +2 +3 +2 +1 +0 -1 -2 -2 -2 -1 +0 +1 +2 +3 +3 +2 +1 +0 -1 -2 -2 -2 
27 土 若 10.0 +0 +1 +2 +3 +3 +3 +2 +0 -1 -2 -2 -2 -1 +0 +2 +3 +3 +3 +2 +1 -1 -2 -3 -3 
28 日 中 11.0 -2 -1 +1 +2 +3 +4 +3 +2 +0 -1 -3 -3 -3 -1 +0 +2 +3 +4 +4 +2 +1 -1 -2 -3 
29 月 中 12.0 -3 -2 +0 +2 +3 +4 +4 +3 +1 +0 -2 -3 -3 -3 -1 +1 +3 +4 +4 +4 +2 +0 -2 -3 
30 火 中 13.0 -4 -3 -2 +0 +2 +4 +5 +4 +3 +1 -1 -3 -4 -4 -2 +0 +2 +4 +5 +5 +4 +2 -1 -3 
31 水 大 14.0 -4 -4 -3 -1 +1 +3 +5 +5 +4 +2 +0 -2 -4 -4 -4 -2 +0 +3 +4 +5 +5 +3 +1 -2 
2018 2
             : 0  1  2  3  4  5  6  7  8  9 10 11 12 13 14 15 16 17 18 19 20 21 22 23 
 1 木 大 15.0 -3 -4 -4 -3 +0 +2 +4 +5 +5 +4 +2 -1 -3 -4 -4 -3 -1 +1 +4 +5 +5 +4 +2 +0 
 2 金 大 16.0 -2 -4 -4 -4 -2 +1 +3 +5 +5 +4 +3 +1 -2 -4 -4 -4 -2 +0 +2 +4 +5 +5 +3 +1 
 3 土 中 17.0 -1 -3 -4 -4 -3 -1 +2 +4 +5 +5 +4 +2 +0 -2 -4 -4 -3 -1 +1 +3 +4 +5 +4 +2 
 4 日 中 18.0 +0 -2 -3 -4 -3 -2 +0 +2 +4 +5 +4 +3 +1 -1 -3 -4 -3 -2 -1 +1 +3 +4 +4 +3 
 5 月 中 19.0 +2 +0 -2 -3 -3 -3 -1 +1 +2 +4 +4 +3 +2 +0 -1 -3 -3 -3 -2 +0 +2 +3 +4 +4 
 6 火 小 20.0 +3 +1 -1 -2 -3 -3 -2 -1 +1 +2 +3 +3 +3 +2 +0 -1 -2 -3 -2 -1 +0 +2 +3 +3 
 7 水 小 21.0 +3 +2 +1 -1 -2 -2 -2 -1 +0 +1 +2 +3 +3 +2 +1 +0 -1 -2 -2 -2 -1 +0 +1 +2 
 8 木 小 22.0 +3 +3 +2 +1 +0 -1 -2 -2 -1 +0 +1 +2 +2 +3 +2 +1 +0 -1 -1 -2 -2 -1 +0 +1 
 9 金 長 23.0 +2 +2 +2 +2 +1 +0 -1 -1 -2 -1 -1 +0 +1 +2 +3 +2 +2 +1 +0 -1 -2 -2 -1 +0 
10 土 若 24.0 +1 +2 +2 +3 +2 +2 +1 -1 -2 -2 -2 -1 +0 +1 +2 +3 +3 +2 +1 +0 -1 -2 -2 -2 
11 日 中 25.0 -1 +1 +2 +3 +3 +3 +2 +1 -1 -2 -2 -2 -2 +0 +1 +3 +3 +3 +3 +1 +0 -2 -3 -3 
12 月 中 26.0 -2 -1 +1 +2 +3 +4 +3 +2 +0 -1 -3 -3 -3 -2 +0 +2 +3 +4 +4 +3 +1 -1 -2 -3 
13 火 中 27.0 -3 -2 -1 +1 +3 +4 +4 +3 +2 +0 -2 -3 -4 -3 -1 +1 +3 +4 +5 +4 +3 +1 -2 -3 
14 水 中 28.0 -4 -3 -2 +0 +2 +4 +5 +4 +3 +1 -1 -3 -4 -4 -3 -1 +1 +3 +5 +5 +4 +2 +0 -2 
15 木 大 29.0 -4 -4 -3 -2 +1 +3 +5 +5 +4 +3 +0 -2 -4 -4 -4 -2 +0 +2 +4 +5 +5 +3 +1 -1 
16 金 大  0.2 -3 -4 -4 -3 -1 +2 +4 +5 +5 +4 +2 -1 -3 -4 -4 -3 -1 +1 +3 +5 +5 +4 +3 +0 
17 土 大  1.2 -2 -4 -4 -4 -2 +0 +3 +4 +5 +5 +3 +1 -1 -3 -4 -4 -3 +0 +2 +4 +5 +5 +4 +2 
18 日 大  2.2 -1 -3 -4 -4 -3 -1 +1 +3 +5 +5 +4 +2 +0 -2 -4 -4 -3 -2 +0 +3 +4 +5 +4 +3 
19 月 中  3.2 +1 -1 -3 -4 -3 -2 +0 +2 +3 +4 +4 +3 +1 -1 -2 -3 -3 -2 -1 +1 +3 +4 +4 +3 
20 火 中  4.2 +2 +0 -2 -3 -3 -3 -1 +0 +2 +3 +4 +4 +2 +1 -1 -2 -3 -3 -2 +0 +1 +3 +4 +4 
21 水 中  5.2 +3 +1 +0 -2 -3 -3 -2 -1 +1 +2 +3 +3 +3 +2 +0 -1 -2 -2 -2 -1 +0 +1 +2 +3 
22 木 小  6.2 +3 +2 +1 +0 -1 -2 -2 -2 -1 +1 +2 +3 +3 +2 +2 +1 -1 -1 -2 -2 -1 +0 +1 +2 
23 金 小  7.2 +3 +3 +2 +1 +0 -1 -2 -2 -1 -1 +0 +1 +2 +2 +2 +2 +1 +0 -1 -2 -2 -1 +0 +1 
24 土 小  8.2 +2 +2 +2 +2 +2 +1 -1 -1 -2 -2 -1 +0 +1 +2 +2 +3 +2 +1 +0 -1 -2 -2 -2 -1 
25 日 若  9.2 +0 +1 +2 +3 +3 +2 +1 +0 -1 -2 -2 -1 +0 +1 +2 +3 +3 +3 +2 +0 -1 -2 -2 -2 
26 月 中 10.2 -1 +0 +2 +3 +3 +3 +2 +1 -1 -2 -3 -3 -2 -1 +1 +2 +3 +4 +3 +2 +0 -1 -3 -3 
27 火 中 11.2 -2 -1 +0 +2 +3 +4 +4 +2 +1 -1 -2 -3 -3 -2 +0 +2 +3 +4 +4 +3 +1 +0 -2 -3 
28 水 中 12.2 -3 -3 -1 +1 +3 +4 +4 +4 +2 +0 -2 -3 -4 -3 -2 +0 +2 +4 +5 +4 +3 +1 -1 -3 
2018 3
             : 0  1  2  3  4  5  6  7  8  9 10 11 12 13 14 15 16 17 18 19 20 21 22 23 
 1 木 大 13.2 -4 -4 -2 +0 +2 +4 +5 +5 +4 +2 -1 -3 -4 -4 -3 -1 +1 +3 +5 +5 +4 +2 +0 -2 
 2 金 大 14.2 -4 -4 -4 -2 +0 +3 +4 +5 +5 +3 +1 -2 -3 -4 -4 -2 +0 +2 +4 +5 +5 +4 +1 -1 
 3 土 大 15.2 -3 -4 -4 -3 -1 +1 +4 +5 +5 +4 +2 +0 -2 -4 -4 -3 -2 +1 +3 +5 +5 +4 +3 +1 
 4 日 大 16.2 -2 -4 -4 -4 -2 +0 +2 +4 +5 +5 +3 +1 -1 -3 -4 -4 -3 -1 +2 +4 +5 +5 +4 +2 
 5 月 中 17.2 +0 -2 -4 -4 -3 -1 +1 +3 +4 +5 +4 +2 +0 -2 -3 -4 -3 -2 +0 +2 +4 +5 +4 +3 
 6 火 中 18.2 +1 -1 -3 -4 -3 -2 -1 +1 +3 +4 +4 +3 +2 +0 -2 -3 -3 -3 -1 +1 +3 +4 +4 +3 
 7 水 中 19.2 +2 +0 -1 -3 -3 -3 -2 +0 +2 +3 +4 +4 +3 +1 -1 -2 -3 -3 -2 -1 +1 +2 +3 +3 
 8 木 小 20.2 +3 +2 +0 -1 -2 -3 -2 -1 +0 +2 +3 +3 +3 +2 +1 -1 -2 -2 -2 -1 +0 +1 +2 +3 
 9 金 小 21.2 +3 +2 +1 +0 -1 -2 -2 -2 -1 +0 +1 +2 +3 +3 +2 +1 +0 -1 -2 -2 -1 +0 +1 +2 
10 土 小 22.2 +2 +3 +2 +1 +0 -1 -1 -2 -2 -1 +0 +1 +2 +2 +2 +2 +1 +0 -1 -1 -2 -1 -1 +0 
11 日 長 23.2 +1 +2 +3 +2 +2 +1 +0 -1 -2 -2 -1 +0 +1 +2 +2 +3 +2 +2 +0 -1 -2 -2 -2 -1 
12 月 若 24.2 +0 +1 +2 +3 +3 +2 +1 +0 -1 -2 -2 -2 -1 +1 +2 +3 +3 +3 +2 +1 -1 -2 -2 -2 
13 火 中 25.2 -1 +0 +1 +3 +3 +3 +3 +1 +0 -2 -3 -3 -2 -1 +1 +2 +3 +4 +3 +2 +0 -1 -3 -3 
14 水 中 26.2 -3 -2 +0 +2 +3 +4 +4 +3 +1 -1 -2 -3 -3 -2 -1 +1 +3 +4 +4 +3 +2 +0 -2 -3 
15 木 中 27.2 -4 -3 -1 +1 +3 +4 +5 +4 +3 +0 -2 -3 -4 -3 -2 +0 +2 +4 +5 +4 +3 +1 -1 -3 
16 金 大 28.2 -4 -4 -3 -1 +1 +3 +5 +5 +4 +2 +0 -2 -4 -4 -3 -1 +1 +3 +5 +5 +4 +3 +0 -2 
17 土 大 29.2 -4 -4 -4 -2 +0 +2 +4 +5 +5 +3 +1 -1 -3 -4 -4 -3 -1 +2 +4 +5 +5 +4 +2 -1 
18 日 大  0.6 -3 -4 -4 -3 -1 +1 +3 +5 +5 +4 +2 +0 -2 -4 -4 -4 -2 +0 +3 +4 +5 +5 +3 +1 
19 月 大  1.6 -1 -3 -4 -4 -3 +0 +2 +4 +5 +5 +4 +2 -1 -3 -4 -4 -3 -1 +1 +3 +5 +5 +4 +2 
20 火 中  2.6 +0 -2 -4 -4 -3 -2 +0 +3 +4 +5 +4 +3 +1 -1 -3 -4 -3 -2 +0 +2 +4 +4 +4 +3 
21 水 中  3.6 +1 -1 -2 -3 -3 -2 -1 +1 +3 +4 +4 +3 +2 +0 -2 -3 -3 -3 -1 +0 +2 +3 +4 +4 
22 木 中  4.6 +2 +1 -1 -2 -3 -3 -2 +0 +1 +3 +4 +4 +3 +1 +0 -2 -3 -3 -2 -1 +1 +2 +3 +3 
23 金 小  5.6 +3 +2 +0 -1 -2 -2 -2 -1 +0 +1 +2 +3 +3 +2 +1 +0 -1 -2 -2 -2 -1 +1 +2 +3 
24 土 小  6.6 +3 +2 +2 +0 -1 -2 -2 -2 -1 +0 +1 +2 +3 +3 +2 +1 +0 -1 -2 -2 -1 -1 +0 +1 
25 日 小  7.6 +2 +2 +2 +2 +1 +0 -1 -2 -2 -1 +0 +1 +2 +2 +2 +2 +1 +0 -1 -1 -2 -2 -1 +0 
26 月 長  8.6 +1 +2 +2 +3 +2 +1 +0 -1 -2 -2 -2 -1 +0 +1 +2 +3 +3 +2 +1 +0 -1 -2 -2 -1 
27 火 若  9.6 +0 +1 +2 +3 +3 +3 +2 +0 -1 -2 -2 -2 -1 +0 +2 +3 +3 +3 +2 +1 -1 -2 -3 -3 
28 水 中 10.6 -2 +0 +1 +2 +3 +4 +3 +2 +0 -2 -3 -3 -2 -1 +0 +2 +3 +4 +4 +2 +1 -1 -2 -3 
29 木 中 11.6 -3 -2 +0 +2 +3 +4 +4 +3 +1 -1 -2 -3 -3 -3 -1 +1 +3 +4 +4 +4 +2 +0 -2 -3 
30 金 大 12.6 -4 -3 -2 +0 +2 +4 +5 +4 +3 +1 -1 -3 -4 -4 -2 +0 +2 +4 +5 +5 +3 +2 -1 -3 
31 土 大 13.6 -4 -4 -3 -1 +1 +3 +5 +5 +4 +2 +0 -2 -4 -4 -4 -2 +0 +3 +4 +5 +5 +3 +1 -2 
2018 4
             : 0  1  2  3  4  5  6  7  8  9 10 11 12 13 14 15 16 17 18 19 20 21 22 23 
 1 日 大 14.6 -3 -4 -4 -2 +0 +2 +4 +5 +5 +4 +1 -1 -3 -4 -4 -3 -1 +1 +4 +5 +5 +4 +2 +0 
 2 月 大 15.6 -2 -4 -4 -3 -2 +1 +3 +5 +5 +4 +3 +0 -2 -4 -4 -4 -2 +0 +2 +4 +5 +5 +3 +1 
 3 火 中 16.6 -1 -3 -4 -4 -3 -1 +2 +4 +5 +5 +4 +2 +0 -2 -4 -4 -3 -1 +1 +3 +4 +5 +4 +2 
 4 水 中 17.6 +0 -2 -3 -4 -3 -2 +0 +2 +4 +5 +4 +3 +1 -1 -3 -4 -3 -2 +0 +2 +3 +4 +4 +3 
 5 木 中 18.6 +2 +0 -2 -3 -3 -3 -1 +1 +3 +4 +4 +3 +2 +0 -1 -3 -3 -3 -2 +0 +2 +3 +4 +4 
 6 金 中 19.6 +3 +1 -1 -2 -3 -3 -2 +0 +1 +2 +3 +3 +3 +2 +0 -1 -2 -3 -2 -1 +0 +2 +3 +3 
 7 土 小 20.6 +3 +2 +1 -1 -2 -2 -2 -1 +0 +1 +2 +3 +3 +2 +1 +0 -1 -2 -2 -2 -1 +0 +1 +2 
 8 日 小 21.6 +3 +3 +2 +1 +0 -1 -2 -2 -1 +0 +1 +2 +2 +3 +2 +1 +0 -1 -1 -2 -2 -1 +0 +1 
 9 月 小 22.6 +2 +2 +2 +2 +1 +0 -1 -1 -2 -1 -1 +0 +1 +2 +3 +2 +2 +1 +0 -1 -2 -2 -1 +0 
10 火 長 23.6 +1 +2 +2 +3 +2 +2 +0 -1 -2 -2 -2 -1 +0 +1 +2 +3 +3 +2 +1 +0 -1 -2 -2 -2 
11 水 若 24.6 -1 +1 +2 +3 +3 +3 +2 +1 -1 -2 -2 -2 -1 +0 +1 +3 +3 +3 +3 +1 +0 -2 -3 -3 
12 木 中 25.6 -2 -1 +1 +2 +3 +4 +3 +2 +0 -1 -3 -3 -3 -2 +0 +2 +3 +4 +4 +3 +1 -1 -2 -3 
13 金 中 26.6 -3 -2 -1 +1 +3 +4 +4 +3 +2 +0 -2 -3 -4 -3 -1 +1 +3 +4 +5 +4 +2 +0 -2 -3 
14 土 中 27.6 -4 -3 -2 +0 +2 +4 +5 +4 +3 +1 -1 -3 -4 -4 -3 -1 +2 +3 +5 +5 +4 +2 +0 -2 
15 日 大 28.6 -4 -4 -3 -1 +1 +3 +5 +5 +4 +3 +0 -2 -4 -4 -4 -2 +0 +2 +4 +5 +5 +3 +1 -1 
16 月 大  0.0 -3 -4 -4 -3 -1 +2 +4 +5 +5 +4 +2 -1 -3 -4 -4 -3 -1 +1 +3 +5 +5 +4 +2 +0 
17 火 大  1.0 -2 -4 -4 -4 -2 +0 +3 +4 +5 +5 +3 +1 -2 -3 -4 -4 -2 +0 +2 +4 +5 +5 +4 +1 
18 水 大  2.0 -1 -3 -4 -4 -3 -1 +1 +3 +5 +5 +4 +2 +0 -2 -4 -4 -3 -2 +1 +3 +4 +5 +4 +3 
19 木 中  3.0 +1 -1 -3 -4 -3 -2 +0 +2 +4 +4 +4 +3 +1 -1 -2 -3 -3 -2 -1 +1 +3 +4 +4 +3 
20 金 中  4.0 +2 +0 -2 -3 -3 -3 -1 +0 +2 +3 +4 +4 +2 +1 -1 -2 -3 -3 -2 +0 +1 +3 +4 +4 
21 土 小  5.0 +3 +1 +0 -2 -3 -3 -2 -1 +1 +2 +3 +3 +3 +2 +0 -1 -2 -2 -2 -1 +0 +1 +3 +3 
22 日 小  6.0 +3 +2 +1 +0 -1 -2 -2 -2 -1 +1 +2 +3 +3 +2 +2 +0 -1 -2 -2 -2 -1 +0 +1 +2 
23 月 小  7.0 +3 +3 +2 +1 +0 -1 -2 -2 -1 -1 +0 +1 +2 +3 +2 +2 +1 +0 -1 -2 -2 -1 +0 +1 
24 火 長  8.0 +2 +2 +2 +2 +1 +0 -1 -1 -2 -2 -1 +0 +1 +2 +2 +3 +2 +1 +0 -1 -2 -2 -2 -1 
25 水 若  9.0 +0 +1 +2 +3 +3 +2 +1 +0 -1 -2 -2 -1 +0 +1 +2 +3 +3 +3 +2 +0 -1 -2 -2 -2 
26 木 中 10.0 -1 +0 +2 +3 +3 +3 +2 +1 -1 -2 -3 -3 -2 +0 +1 +3 +3 +4 +3 +2 +0 -2 -3 -3 
27 金 中 11.0 -2 -1 +0 +2 +3 +4 +3 +2 +1 -1 -2 -3 -3 -2 +0 +2 +3 +4 +4 +3 +1 -1 -2 -3 
28 土 中 12.0 -3 -3 -1 +1 +3 +4 +4 +4 +2 +0 -2 -3 -4 -3 -2 +0 +2 +4 +5 +4 +3 +1 -1 -3 
29 日 大 13.0 -4 -4 -2 +0 +2 +4 +5 +5 +3 +2 -1 -3 -4 -4 -3 -1 +1 +3 +5 +5 +4 +2 +0 -2 
30 月 大 14.0 -4 -4 -3 -2 +1 +3 +4 +5 +5 +3 +1 -2 -3 -4 -4 -2 +0 +2 +4 +5 +5 +4 +1 -1 
2018 5
             : 0  1  2  3  4  5  6  7  8  9 10 11 12 13 14 15 16 17 18 19 20 21 22 23 
 1 火 大 15.0 -3 -4 -4 -3 -1 +1 +4 +5 +5 +4 +2 +0 -3 -4 -4 -3 -2 +1 +3 +5 +5 +4 +3 +0 
 2 水 大 16.0 -2 -4 -4 -4 -2 +0 +2 +4 +5 +5 +3 +1 -1 -3 -4 -4 -3 -1 +2 +4 +5 +5 +4 +2 
 3 木 中 17.0 +0 -3 -4 -4 -3 -1 +1 +3 +4 +5 +4 +2 +0 -2 -3 -4 -3 -2 +0 +2 +4 +5 +4 +3 
 4 金 中 18.0 +1 -1 -3 -4 -3 -2 +0 +2 +3 +4 +4 +3 +2 +0 -2 -3 -3 -3 -1 +1 +3 +4 +4 +3 
 5 土 中 19.0 +2 +0 -1 -3 -3 -3 -2 +0 +2 +3 +4 +4 +3 +1 -1 -2 -3 -3 -2 +0 +1 +3 +3 +3 
 6 日 小 20.0 +3 +2 +0 -1 -2 -3 -2 -1 +0 +2 +3 +3 +3 +2 +1 -1 -2 -2 -2 -1 +0 +1 +2 +3 
 7 月 小 21.0 +3 +2 +1 +0 -1 -2 -2 -2 -1 +0 +2 +2 +3 +3 +2 +1 +0 -1 -2 -2 -1 +0 +1 +2 
 8 火 小 22.0 +2 +3 +2 +1 +0 -1 -1 -2 -2 -1 +0 +1 +2 +2 +2 +2 +1 +0 -1 -2 -2 -1 -1 +0 
 9 水 小 23.0 +1 +2 +3 +2 +2 +1 +0 -1 -2 -2 -1 +0 +1 +2 +2 +3 +2 +1 +0 -1 -2 -2 -2 -1 
10 木 長 24.0 +0 +1 +2 +3 +3 +2 +1 +0 -1 -2 -2 -2 -1 +1 +2 +3 +3 +3 +2 +1 -1 -2 -2 -2 
11 金 若 25.0 -1 +0 +1 +3 +3 +3 +3 +1 +0 -2 -3 -3 -2 -1 +1 +2 +3 +4 +3 +2 +0 -1 -3 -3 
12 土 中 26.0 -3 -2 +0 +2 +3 +4 +4 +3 +1 -1 -2 -3 -3 -2 -1 +1 +3 +4 +4 +3 +2 +0 -2 -3 
13 日 中 27.0 -4 -3 -1 +1 +3 +4 +5 +4 +2 +0 -2 -3 -4 -3 -2 +0 +2 +4 +5 +4 +3 +1 -1 -3 
14 月 大 28.0 -4 -4 -3 -1 +2 +4 +5 +5 +4 +2 +0 -3 -4 -4 -3 -1 +1 +3 +5 +5 +4 +3 +0 -2 
15 火 大 29.0 -4 -4 -4 -2 +0 +2 +4 +5 +5 +3 +1 -1 -3 -4 -4 -3 -1 +2 +4 +5 +5 +4 +2 -1 
16 水 大  0.6 -3 -4 -4 -3 -1 +1 +3 +5 +5 +4 +2 +0 -2 -4 -4 -4 -2 +0 +3 +4 +5 +5 +3 +1 
17 木 大  1.6 -2 -3 -4 -4 -2 +0 +2 +4 +5 +5 +3 +1 -1 -3 -4 -4 -3 -1 +1 +3 +5 +5 +4 +2 
18 金 中  2.6 +0 -2 -4 -4 -3 -2 +1 +3 +4 +5 +4 +3 +1 -2 -3 -4 -3 -2 +0 +2 +4 +4 +4 +3 
19 土 中  3.6 +1 -1 -2 -3 -3 -2 -1 +1 +3 +4 +4 +3 +2 +0 -2 -3 -3 -3 -1 +1 +2 +4 +4 +4 
20 日 中  4.6 +2 +1 -1 -2 -3 -3 -2 +0 +2 +3 +4 +4 +3 +1 +0 -2 -3 -3 -2 -1 +1 +2 +3 +3 
21 月 小  5.6 +3 +2 +0 -1 -2 -2 -2 -1 +0 +1 +3 +3 +3 +2 +1 +0 -1 -2 -2 -2 +0 +1 +2 +3 
22 火 小  6.6 +3 +2 +2 +0 -1 -2 -2 -2 -1 +0 +1 +2 +3 +3 +2 +1 +0 -1 -2 -2 -1 -1 +0 +1 
23 水 長  7.6 +2 +3 +2 +2 +1 +0 -1 -2 -2 -1 +0 +1 +2 +2 +2 +2 +1 +0 -1 -1 -2 -2 -1 +0 
24 木 若  8.6 +1 +2 +2 +3 +2 +1 +0 -1 -2 -2 -1 -1 +0 +2 +2 +3 +3 +2 +1 +0 -1 -2 -2 -1 
25 金 中  9.6 +0 +1 +2 +3 +3 +2 +1 +0 -1 -2 -2 -2 -1 +0 +2 +3 +3 +3 +2 +1 -1 -2 -3 -2 
26 土 中 10.6 -2 +0 +1 +3 +3 +4 +3 +2 +0 -2 -3 -3 -2 -1 +1 +2 +3 +4 +3 +2 +1 -1 -3 -3 
27 日 中 11.6 -3 -2 +0 +2 +3 +4 +4 +3 +1 -1 -2 -3 -3 -3 -1 +1 +3 +4 +4 +4 +2 +0 -2 -3 
28 月 大 12.6 -4 -3 -2 +0 +2 +4 +5 +4 +3 +1 -1 -3 -4 -4 -2 +0 +2 +4 +5 +5 +3 +1 -1 -3 
29 火 大 13.6 -4 -4 -3 -1 +1 +3 +5 +5 +4 +2 +0 -2 -4 -4 -3 -2 +1 +3 +4 +5 +4 +3 +1 -2 
30 水 大 14.6 -3 -4 -4 -2 +0 +2 +4 +5 +5 +3 +1 -1 -3 -4 -4 -3 -1 +2 +4 +5 +5 +4 +2 +0 
31 木 大 15.6 -3 -4 -4 -3 -2 +1 +3 +5 +5 +4 +3 +0 -2 -4 -4 -4 -2 +0 +2 +4 +5 +5 +3 +1 
2018 6
             : 0  1  2  3  4  5  6  7  8  9 10 11 12 13 14 15 16 17 18 19 20 21 22 23 
 1 金 大 16.6 -1 -3 -4 -4 -3 -1 +2 +4 +5 +5 +4 +2 -1 -3 -4 -4 -3 -1 +1 +3 +4 +5 +4 +2 
 2 土 中 17.6 +0 -2 -3 -4 -3 -2 +0 +2 +4 +5 +4 +3 +1 -1 -3 -4 -3 -2 +0 +2 +3 +4 +4 +3 
 3 日 中 18.6 +2 +0 -2 -3 -3 -3 -1 +1 +3 +4 +4 +3 +2 +0 -1 -3 -3 -3 -1 +0 +2 +3 +4 +4 
 4 月 中 19.6 +2 +1 -1 -2 -3 -3 -2 +0 +1 +3 +3 +3 +3 +1 +0 -1 -2 -3 -2 -1 +0 +2 +3 +3 
 5 火 小 20.6 +3 +2 +1 -1 -2 -2 -2 -1 +0 +1 +2 +3 +3 +2 +1 +0 -1 -2 -2 -2 -1 +0 +2 +2 
 6 水 小 21.6 +3 +2 +2 +1 +0 -1 -2 -2 -1 +0 +1 +2 +2 +3 +2 +1 +0 -1 -1 -2 -1 -1 +0 +1 
 7 木 小 22.6 +2 +2 +2 +2 +1 +0 -1 -2 -2 -1 -1 +0 +1 +2 +3 +2 +2 +1 +0 -1 -2 -2 -1 +0 
 8 金 長 23.6 +1 +2 +2 +3 +2 +1 +0 -1 -2 -2 -2 -1 +0 +1 +2 +3 +3 +2 +1 +0 -1 -2 -2 -2 
 9 土 若 24.6 -1 +1 +2 +3 +3 +3 +2 +0 -1 -2 -2 -2 -1 +0 +1 +3 +3 +3 +2 +1 +0 -2 -3 -3 
10 日 中 25.6 -2 -1 +1 +2 +3 +4 +3 +2 +0 -1 -3 -3 -3 -1 +0 +2 +3 +4 +4 +3 +1 -1 -2 -3 
11 月 中 26.6 -3 -2 -1 +1 +3 +4 +4 +3 +2 +0 -2 -3 -4 -3 -1 +1 +3 +4 +4 +4 +2 +0 -2 -3 
12 火 中 27.6 -4 -3 -2 +0 +2 +4 +5 +4 +3 +1 -1 -3 -4 -4 -3 -1 +2 +4 +5 +5 +4 +2 +0 -3 
13 水 大 28.6 -4 -4 -3 -1 +1 +3 +5 +5 +4 +3 +0 -2 -4 -4 -4 -2 +0 +3 +4 +5 +5 +3 +1 -1 
14 木 大  0.3 -3 -4 -4 -3 -1 +2 +4 +5 +5 +4 +2 -1 -3 -4 -4 -3 -1 +1 +3 +5 +5 +4 +2 +0 
15 金 大  1.3 -2 -4 -4 -4 -2 +0 +3 +4 +5 +5 +3 +1 -2 -3 -4 -4 -2 +0 +2 +4 +5 +5 +3 +1 
16 土 中  2.3 -1 -3 -4 -4 -3 -1 +1 +3 +5 +5 +4 +2 +0 -2 -4 -4 -3 -2 +1 +3 +4 +5 +4 +3 
17 日 中  3.3 +1 -2 -3 -4 -3 -2 +0 +2 +4 +4 +4 +3 +1 -1 -3 -3 -3 -2 -1 +1 +3 +4 +4 +3 
18 月 中  4.3 +2 +0 -2 -3 -3 -3 -1 +1 +2 +4 +4 +4 +2 +1 -1 -2 -3 -3 -2 +0 +2 +3 +4 +4 
19 火 小  5.3 +3 +1 +0 -2 -3 -3 -2 -1 +1 +2 +3 +3 +3 +2 +0 -1 -2 -2 -2 -1 +0 +2 +3 +3 
20 水 小  6.3 +3 +2 +1 +0 -1 -2 -2 -1 +0 +1 +2 +3 +3 +2 +2 +0 -1 -2 -2 -2 -1 +0 +1 +2 
21 木 小  7.3 +3 +3 +2 +1 +0 -1 -2 -2 -1 -1 +1 +1 +2 +3 +2 +2 +1 +0 -1 -2 -2 -1 +0 +1 
22 金 長  8.3 +2 +2 +2 +2 +1 +0 -1 -1 -2 -2 -1 +0 +1 +2 +2 +2 +2 +1 +0 -1 -2 -2 -1 -1 
23 土 若  9.3 +0 +2 +2 +3 +3 +2 +1 +0 -1 -2 -2 -1 +0 +1 +2 +3 +3 +2 +1 +0 -1 -2 -2 -2 
24 日 中 10.3 -1 +0 +2 +3 +3 +3 +2 +1 -1 -2 -3 -2 -2 +0 +1 +3 +3 +3 +3 +2 +0 -2 -3 -3 
25 月 中 11.3 -2 -1 +1 +2 +3 +4 +3 +2 +1 -1 -3 -3 -3 -2 +0 +2 +3 +4 +4 +3 +1 -1 -2 -3 
26 火 中 12.3 -3 -2 -1 +1 +3 +4 +4 +4 +2 +0 -2 -3 -4 -3 -2 +0 +2 +4 +5 +4 +3 +1 -1 -3 
27 水 大 13.3 -4 -4 -2 +0 +2 +4 +5 +5 +3 +1 -1 -3 -4 -4 -3 -1 +1 +3 +5 +5 +4 +2 +0 -2 
28 木 大 14.3 -4 -4 -3 -2 +1 +3 +4 +5 +4 +3 +1 -2 -4 -4 -4 -2 +0 +2 +4 +5 +5 +3 +1 -1 
29 金 大 15.3 -3 -4 -4 -3 -1 +2 +4 +5 +5 +4 +2 +0 -3 -4 -4 -3 -2 +1 +3 +5 +5 +4 +3 +0 
30 土 大 16.3 -2 -4 -4 -4 -2 +0 +2 +4 +5 +5 +3 +1 -1 -3 -4 -4 -3 -1 +2 +4 +5 +5 +4 +2 
2018 7
             : 0  1  2  3  4  5  6  7  8  9 10 11 12 13 14 15 16 17 18 19 20 21 22 23 
 1 日 中 17.3 -1 -3 -4 -4 -3 -1 +1 +3 +4 +5 +4 +2 +0 -2 -3 -4 -3 -2 +0 +2 +4 +5 +4 +3 
 2 月 中 18.3 +1 -1 -3 -4 -3 -2 +0 +2 +3 +4 +4 +3 +1 +0 -2 -3 -3 -3 -1 +1 +3 +4 +4 +3 
 3 火 中 19.3 +2 +0 -2 -3 -3 -3 -1 +0 +2 +3 +4 +4 +2 +1 -1 -2 -3 -3 -2 +0 +1 +3 +3 +3 
 4 水 中 20.3 +3 +1 +0 -1 -2 -3 -2 -1 +1 +2 +3 +3 +3 +2 +1 -1 -2 -2 -2 -1 +0 +1 +2 +3 
 5 木 小 21.3 +3 +2 +1 +0 -1 -2 -2 -2 -1 +0 +2 +2 +3 +2 +2 +1 +0 -1 -2 -2 -1 +0 +1 +2 
 6 金 小 22.3 +2 +3 +2 +1 +0 -1 -1 -2 -1 -1 +0 +1 +2 +2 +2 +2 +1 +0 -1 -2 -2 -1 -1 +0 
 7 土 小 23.3 +1 +2 +3 +2 +2 +1 +0 -1 -2 -2 -1 +0 +1 +2 +2 +3 +2 +1 +0 -1 -2 -2 -2 -1 
 8 日 長 24.3 +0 +1 +2 +3 +3 +2 +1 +0 -1 -2 -2 -2 -1 +1 +2 +3 +3 +3 +2 +0 -1 -2 -2 -2 
 9 月 若 25.3 -1 +0 +1 +3 +3 +3 +2 +1 +0 -2 -3 -3 -2 -1 +1 +2 +3 +4 +3 +2 +0 -1 -3 -3 
10 火 中 26.3 -3 -1 +0 +2 +3 +4 +4 +3 +1 -1 -2 -3 -3 -2 +0 +1 +3 +4 +4 +3 +2 +0 -2 -3 
11 水 中 27.3 -4 -3 -1 +1 +3 +4 +4 +4 +2 +0 -2 -3 -4 -3 -2 +0 +2 +4 +5 +4 +3 +1 -1 -3 
12 木 大 28.3 -4 -4 -3 -1 +2 +4 +5 +5 +4 +2 -1 -3 -4 -4 -3 -1 +1 +3 +5 +5 +4 +2 +0 -2 
13 金 大  0.0 -4 -4 -4 -2 +0 +3 +4 +5 +5 +3 +1 -1 -3 -4 -4 -3 +0 +2 +4 +5 +5 +4 +2 -1 
14 土 大  1.0 -3 -4 -4 -3 -1 +1 +3 +5 +5 +4 +2 +0 -2 -4 -4 -4 -2 +0 +3 +4 +5 +5 +3 +1 
15 日 大  2.0 -2 -3 -4 -4 -2 +0 +2 +4 +5 +5 +3 +1 -1 -3 -4 -4 -3 -1 +1 +3 +5 +5 +4 +2 
16 月 中  3.0 +0 -2 -4 -4 -3 -2 +1 +3 +4 +5 +4 +3 +0 -2 -3 -4 -3 -2 +0 +2 +4 +4 +4 +3 
17 火 中  4.0 +1 -1 -3 -3 -3 -2 -1 +1 +3 +4 +4 +3 +2 +0 -2 -3 -3 -3 -1 +1 +2 +4 +4 +4 
18 水 小  5.0 +2 +1 -1 -2 -3 -3 -2 +0 +2 +3 +4 +4 +3 +1 +0 -2 -3 -3 -2 -1 +1 +2 +3 +3 
19 木 小  6.0 +3 +2 +0 -1 -2 -2 -2 -1 +0 +2 +3 +3 +3 +2 +1 +0 -2 -2 -2 -1 +0 +1 +2 +3 
20 金 小  7.0 +3 +2 +1 +0 -1 -2 -2 -2 -1 +0 +1 +2 +3 +3 +2 +1 +0 -1 -2 -2 -1 +0 +1 +2 
21 土 長  8.0 +2 +3 +2 +2 +1 +0 -1 -2 -2 -1 +0 +1 +2 +2 +2 +2 +1 +0 -1 -1 -2 -1 -1 +0 
22 日 若  9.0 +1 +2 +2 +2 +2 +1 +0 -1 -2 -2 -1 -1 +0 +2 +2 +3 +2 +2 +1 -1 -1 -2 -2 -1 
23 月 中 10.0 +0 +1 +2 +3 +3 +2 +1 +0 -1 -2 -2 -2 -1 +0 +2 +3 +3 +3 +2 +1 -1 -2 -3 -2 
24 火 中 11.0 -2 +0 +1 +3 +3 +3 +3 +1 +0 -2 -3 -3 -2 -1 +1 +2 +3 +4 +3 +2 +1 -1 -3 -3 
25 水 中 12.0 -3 -2 +0 +2 +3 +4 +4 +3 +1 -1 -2 -3 -3 -2 -1 +1 +3 +4 +4 +4 +2 +0 -2 -3 
26 木 中 13.0 -4 -3 -2 +0 +2 +4 +5 +4 +3 +1 -1 -3 -4 -4 -2 +0 +2 +4 +5 +5 +3 +1 -1 -3 
27 金 大 14.0 -4 -4 -3 -1 +1 +3 +5 +5 +4 +2 +0 -2 -4 -4 -3 -2 +1 +3 +4 +5 +4 +3 +1 -2 
28 土 大 15.0 -4 -4 -4 -2 +0 +2 +4 +5 +5 +3 +1 -1 -3 -4 -4 -3 -1 +2 +4 +5 +5 +4 +2 +0 
29 日 大 16.0 -3 -4 -4 -3 -1 +1 +3 +5 +5 +4 +3 +0 -2 -4 -4 -4 -2 +0 +2 +4 +5 +5 +3 +1 
30 月 大 17.0 -1 -3 -4 -4 -3 -1 +2 +4 +5 +5 +4 +2 -1 -3 -4 -4 -3 -1 +1 +3 +4 +5 +4 +2 
31 火 中 18.0 +0 -2 -3 -4 -3 -2 +0 +2 +4 +5 +4 +3 +1 -1 -3 -4 -3 -2 +0 +2 +3 +4 +4 +3 
2018 8
             : 0  1  2  3  4  5  6  7  8  9 10 11 12 13 14 15 16 17 18 19 20 21 22 23 
 1 水 中 19.0 +1 -1 -2 -3 -3 -3 -1 +1 +3 +4 +4 +3 +2 +0 -2 -3 -3 -3 -1 +0 +2 +3 +4 +4 
 2 木 中 20.0 +2 +1 -1 -2 -3 -3 -2 +0 +1 +3 +3 +3 +3 +1 +0 -2 -2 -3 -2 -1 +1 +2 +3 +3 
 3 金 小 21.0 +3 +2 +1 -1 -2 -2 -2 -1 +0 +1 +2 +3 +3 +2 +1 +0 -1 -2 -2 -2 -1 +1 +2 +2 
 4 土 小 22.0 +3 +2 +2 +1 +0 -1 -2 -2 -1 +0 +1 +2 +2 +3 +2 +1 +0 -1 -1 -2 -1 -1 +0 +1 
 5 日 小 23.0 +2 +2 +2 +2 +1 +0 -1 -2 -2 -1 +0 +1 +1 +2 +2 +2 +2 +1 +0 -1 -2 -2 -1 +0 
 6 月 長 24.0 +1 +2 +2 +3 +2 +1 +0 -1 -2 -2 -2 -1 +0 +1 +2 +3 +3 +2 +1 +0 -1 -2 -2 -2 
 7 火 若 25.0 -1 +1 +2 +3 +3 +3 +2 +0 -1 -2 -2 -2 -1 +0 +1 +3 +3 +3 +2 +1 +0 -2 -3 -3 
 8 水 中 26.0 -2 -1 +1 +2 +3 +4 +3 +2 +0 -1 -3 -3 -3 -1 +0 +2 +3 +4 +4 +3 +1 -1 -2 -3 
 9 木 中 27.0 -3 -2 +0 +1 +3 +4 +4 +3 +2 +0 -2 -3 -3 -3 -1 +1 +3 +4 +4 +4 +2 +0 -2 -3 
10 金 大 28.0 -4 -3 -2 +0 +2 +4 +5 +4 +3 +1 -1 -3 -4 -4 -3 -1 +2 +4 +5 +5 +4 +2 -1 -3 
11 土 大 29.0 -4 -4 -3 -1 +1 +3 +5 +5 +4 +2 +0 -2 -4 -4 -4 -2 +0 +3 +4 +5 +5 +3 +1 -1 
12 日 大  0.7 -3 -4 -4 -3 +0 +2 +4 +5 +5 +4 +2 -1 -3 -4 -4 -3 -1 +1 +3 +5 +5 +4 +2 +0 
13 月 大  1.7 -2 -4 -4 -4 -2 +1 +3 +4 +5 +5 +3 +1 -2 -3 -4 -4 -2 +0 +2 +4 +5 +5 +3 +1 
14 火 中  2.7 -1 -3 -4 -4 -3 -1 +1 +3 +5 +5 +4 +2 +0 -2 -4 -4 -3 -1 +1 +3 +4 +5 +4 +3 
15 水 中  3.7 +0 -2 -3 -4 -3 -2 +0 +2 +4 +4 +4 +3 +1 -1 -3 -4 -3 -2 -1 +1 +3 +4 +4 +3 
16 木 中  4.7 +2 +0 -2 -3 -3 -3 -1 +1 +2 +4 +4 +3 +2 +1 -1 -3 -3 -3 -2 +0 +2 +3 +4 +4 
17 金 小  5.7 +3 +1 +0 -2 -3 -3 -2 -1 +1 +2 +3 +3 +3 +2 +0 -1 -2 -2 -2 -1 +0 +2 +3 +3 
18 土 小  6.7 +3 +2 +1 +0 -2 -2 -2 -1 +0 +1 +2 +3 +3 +2 +1 +0 -1 -2 -2 -2 -1 +0 +1 +2 
19 日 小  7.7 +3 +3 +2 +1 +0 -1 -2 -2 -1 +0 +1 +2 +2 +3 +2 +2 +1 +0 -1 -2 -2 -1 +0 +1 
20 月 長  8.7 +2 +2 +2 +2 +1 +0 -1 -1 -2 -1 -1 +0 +1 +2 +2 +2 +2 +1 +0 -1 -2 -2 -1 -1 
21 火 若  9.7 +1 +2 +2 +3 +2 +2 +1 -1 -1 -2 -2 -1 +0 +1 +2 +3 +3 +2 +1 +0 -1 -2 -2 -2 
22 水 中 10.7 -1 +0 +2 +3 +3 +3 +2 +1 -1 -2 -3 -2 -2 +0 +1 +3 +3 +3 +3 +1 +0 -2 -3 -3 
23 木 中 11.7 -2 -1 +1 +2 +3 +4 +3 +2 +1 -1 -3 -3 -3 -2 +0 +2 +3 +4 +4 +3 +1 -1 -2 -3 
24 金 中 12.7 -3 -2 -1 +1 +3 +4 +4 +4 +2 +0 -2 -3 -4 -3 -1 +1 +3 +4 +5 +4 +3 +1 -1 -3 
25 土 大 13.7 -4 -4 -2 +0 +2 +4 +5 +5 +3 +1 -1 -3 -4 -4 -3 -1 +1 +3 +5 +5 +4 +2 +0 -2 
26 日 大 14.7 -4 -4 -3 -2 +1 +3 +4 +5 +4 +3 +0 -2 -4 -4 -4 -2 +0 +2 +4 +5 +5 +3 +1 -1 
27 月 大 15.7 -3 -4 -4 -3 -1 +2 +4 +5 +5 +4 +2 +0 -3 -4 -4 -3 -1 +1 +3 +5 +5 +4 +3 +0 
28 火 大 16.7 -2 -4 -4 -4 -2 +0 +3 +4 +5 +5 +3 +1 -1 -3 -4 -4 -3 -1 +2 +4 +5 +5 +4 +2 
29 水 大 17.7 -1 -3 -4 -4 -3 -1 +1 +3 +4 +5 +4 +2 +0 -2 -3 -4 -3 -2 +0 +2 +4 +5 +4 +3 
30 木 中 18.7 +1 -1 -3 -4 -3 -2 +0 +2 +3 +4 +4 +3 +1 -1 -2 -3 -3 -3 -1 +1 +3 +4 +4 +3 
31 金 中 19.7 +2 +0 -2 -3 -3 -3 -1 +0 +2 +3 +4 +4 +2 +1 -1 -2 -3 -3 -2 +0 +1 +3 +3 +3 
2018 9
             : 0  1  2  3  4  5  6  7  8  9 10 11 12 13 14 15 16 17 18 19 20 21 22 23 
 1 土 中 20.7 +3 +1 +0 -2 -2 -3 -2 -1 +1 +2 +3 +3 +3 +2 +1 -1 -2 -2 -2 -1 +0 +1 +2 +3 
 2 日 小 21.7 +3 +2 +1 +0 -1 -2 -2 -2 -1 +1 +2 +2 +3 +2 +2 +1 -1 -1 -2 -2 -1 +0 +1 +2 
 3 月 小 22.7 +2 +3 +2 +1 +0 -1 -1 -2 -1 -1 +0 +1 +2 +2 +2 +2 +1 +0 -1 -2 -2 -1 +0 +1 
 4 火 長 23.7 +2 +2 +2 +2 +2 +1 +0 -1 -2 -2 -1 +0 +1 +2 +2 +3 +2 +1 +0 -1 -2 -2 -2 -1 
 5 水 若 24.7 +0 +1 +2 +3 +3 +2 +1 +0 -1 -2 -2 -2 -1 +1 +2 +3 +3 +3 +2 +0 -1 -2 -2 -2 
 6 木 中 25.7 -1 +0 +2 +3 +3 +3 +2 +1 +0 -2 -3 -3 -2 -1 +1 +2 +3 +4 +3 +2 +0 -1 -3 -3 
 7 金 中 26.7 -3 -1 +0 +2 +3 +4 +4 +2 +1 -1 -2 -3 -3 -2 +0 +1 +3 +4 +4 +3 +2 +0 -2 -3 
 8 土 中 27.7 -3 -3 -1 +1 +3 +4 +4 +4 +2 +0 -2 -3 -4 -3 -2 +0 +2 +4 +5 +4 +3 +1 -1 -3 
 9 日 大 28.7 -4 -4 -2 -1 +2 +4 +5 +5 +4 +2 -1 -3 -4 -4 -3 -1 +1 +3 +5 +5 +4 +2 +0 -2 
10 月 大  0.4 -4 -4 -4 -2 +0 +3 +4 +5 +5 +3 +1 -2 -3 -4 -4 -3 +0 +2 +4 +5 +5 +4 +2 -1 
11 火 大  1.4 -3 -4 -4 -3 -1 +1 +3 +5 +5 +4 +2 +0 -2 -4 -4 -4 -2 +1 +3 +4 +5 +4 +3 +1 
12 水 中  2.4 -2 -3 -4 -4 -2 +0 +2 +4 +5 +5 +3 +1 -1 -3 -4 -4 -3 -1 +1 +3 +5 +5 +4 +2 
13 木 中  3.4 +0 -2 -4 -4 -3 -1 +1 +3 +4 +5 +4 +3 +0 -2 -3 -4 -3 -2 +0 +2 +4 +4 +4 +3 
14 金 中  4.4 +1 -1 -3 -4 -3 -2 -1 +1 +3 +4 +4 +3 +2 +0 -2 -3 -3 -3 -1 +1 +2 +4 +4 +3 
15 土 小  5.4 +2 +0 -1 -3 -3 -3 -2 +0 +2 +3 +4 +4 +3 +1 -1 -2 -3 -3 -2 -1 +1 +2 +3 +3 
16 日 小  6.4 +3 +2 +0 -1 -2 -2 -2 -1 +0 +2 +3 +3 +3 +2 +1 +0 -2 -2 -2 -1 +0 +1 +2 +3 
17 月 小  7.4 +3 +2 +1 +0 -1 -2 -2 -2 -1 +0 +1 +2 +3 +3 +2 +1 +0 -1 -2 -2 -1 +0 +1 +2 
18 火 長  8.4 +2 +3 +2 +2 +1 +0 -1 -2 -2 -1 +0 +1 +2 +2 +2 +2 +1 +0 -1 -1 -2 -1 -1 +0 
19 水 長  9.4 +1 +2 +2 +2 +2 +1 +0 -1 -2 -2 -1 -1 +1 +2 +2 +3 +2 +2 +1 -1 -1 -2 -2 -1 
20 木 若 10.4 +0 +1 +2 +3 +3 +2 +1 +0 -1 -2 -2 -2 -1 +0 +2 +3 +3 +3 +2 +1 -1 -2 -2 -2 
21 金 中 11.4 -2 +0 +1 +3 +3 +3 +3 +1 +0 -2 -3 -3 -2 -1 +1 +2 +3 +4 +3 +2 +0 -1 -3 -3 
22 土 中 12.4 -3 -2 +0 +2 +3 +4 +4 +3 +1 -1 -2 -3 -3 -2 -1 +1 +3 +4 +4 +3 +2 +0 -2 -3 
23 日 中 13.4 -4 -3 -1 +1 +3 +4 +5 +4 +3 +1 -1 -3 -4 -3 -2 +0 +2 +4 +5 +4 +3 +1 -1 -3 
24 月 大 14.4 -4 -4 -3 -1 +1 +3 +5 +5 +4 +2 +0 -2 -4 -4 -3 -2 +1 +3 +4 +5 +4 +3 +0 -2 
25 火 大 15.4 -4 -4 -4 -2 +0 +2 +4 +5 +5 +3 +1 -1 -3 -4 -4 -3 -1 +2 +4 +5 +5 +4 +2 -1 
26 水 大 16.4 -3 -4 -4 -3 -1 +1 +3 +5 +5 +4 +3 +0 -2 -4 -4 -4 -2 +0 +3 +4 +5 +5 +3 +1 
27 木 大 17.4 -1 -3 -4 -4 -3 +0 +2 +4 +5 +5 +4 +2 -1 -3 -4 -4 -3 -1 +1 +3 +4 +5 +4 +2 
28 金 中 18.4 +0 -2 -3 -4 -3 -2 +0 +2 +4 +5 +4 +3 +1 -1 -3 -4 -3 -2 +0 +2 +3 +4 +4 +3 
29 土 中 19.4 +1 -1 -2 -3 -3 -2 -1 +1 +3 +4 +4 +3 +2 +0 -2 -3 -3 -3 -1 +0 +2 +3 +4 +4 
30 日 中 20.4 +2 +1 -1 -2 -3 -3 -2 +0 +1 +3 +3 +3 +3 +1 +0 -2 -2 -3 -2 -1 +1 +2 +3 +3 
2018 10
             : 0  1  2  3  4  5  6  7  8  9 10 11 12 13 14 15 16 17 18 19 20 21 22 23 
 1 月 小 21.4 +3 +2 +0 -1 -2 -2 -2 -1 +0 +1 +2 +3 +3 +2 +1 +0 -1 -2 -2 -2 -1 +1 +2 +3 
 2 火 小 22.4 +3 +2 +2 +1 -1 -1 -2 -2 -1 +0 +1 +2 +2 +3 +2 +1 +0 -1 -2 -2 -1 -1 +0 +1 
 3 水 小 23.4 +2 +2 +2 +2 +1 +0 -1 -2 -2 -1 +0 +1 +2 +2 +2 +2 +2 +1 +0 -1 -2 -2 -1 +0 
 4 木 長 24.4 +1 +2 +2 +3 +2 +1 +0 -1 -2 -2 -2 -1 +0 +1 +2 +3 +3 +2 +1 +0 -1 -2 -2 -2 
 5 金 中 25.4 +0 +1 +2 +3 +3 +3 +2 +0 -1 -2 -2 -2 -1 +0 +2 +3 +3 +3 +2 +1 +0 -2 -3 -3 
 6 土 中 26.4 -2 -1 +1 +2 +3 +4 +3 +2 +0 -1 -3 -3 -2 -1 +0 +2 +3 +4 +4 +2 +1 -1 -2 -3 
 7 日 中 27.4 -3 -2 +0 +2 +3 +4 +4 +3 +1 +0 -2 -3 -3 -3 -1 +1 +3 +4 +4 +4 +2 +0 -2 -3 
 8 月 大 28.4 -4 -3 -2 +0 +2 +4 +5 +4 +3 +1 -1 -3 -4 -4 -2 +0 +2 +4 +5 +5 +4 +2 -1 -3 
 9 火 大 29.4 -4 -4 -3 -1 +1 +3 +5 +5 +4 +2 +0 -2 -4 -4 -4 -2 +0 +3 +4 +5 +5 +3 +1 -2 
10 水 大  1.0 -3 -4 -4 -3 +0 +2 +4 +5 +5 +4 +2 -1 -3 -4 -4 -3 -1 +1 +3 +5 +5 +4 +2 +0 
11 木 大  2.0 -2 -4 -4 -4 -2 +1 +3 +5 +5 +4 +3 +1 -2 -4 -4 -4 -2 +0 +2 +4 +5 +5 +3 +1 
12 金 中  3.0 -1 -3 -4 -4 -3 -1 +2 +3 +5 +5 +4 +2 +0 -2 -4 -4 -3 -1 +1 +3 +4 +5 +4 +2 
13 土 中  4.0 +0 -2 -3 -4 -3 -2 +0 +2 +4 +5 +4 +3 +1 -1 -3 -4 -3 -2 -1 +1 +3 +4 +4 +3 
14 日 中  5.0 +2 +0 -2 -3 -3 -3 -1 +1 +2 +4 +4 +3 +2 +0 -1 -3 -3 -3 -2 +0 +2 +3 +4 +4 
15 月 小  6.0 +3 +1 -1 -2 -3 -3 -2 -1 +1 +2 +3 +3 +3 +2 +0 -1 -2 -3 -2 -1 +0 +2 +3 +3 
16 火 小  7.0 +3 +2 +1 -1 -2 -2 -2 -1 +0 +1 +2 +3 +3 +2 +1 +0 -1 -2 -2 -2 -1 +0 +1 +2 
17 水 小  8.0 +3 +3 +2 +1 +0 -1 -2 -2 -1 +0 +1 +2 +2 +3 +2 +1 +0 -1 -1 -2 -2 -1 +0 +1 
18 木 長  9.0 +2 +2 +2 +2 +1 +0 -1 -1 -2 -1 -1 +0 +1 +2 +2 +2 +2 +1 +0 -1 -2 -2 -1 +0 
19 金 若 10.0 +1 +2 +2 +3 +2 +2 +1 -1 -2 -2 -2 -1 +0 +1 +2 +3 +3 +2 +1 +0 -1 -2 -2 -2 
20 土 中 11.0 -1 +0 +2 +3 +3 +3 +2 +1 -1 -2 -2 -2 -2 +0 +1 +3 +3 +3 +3 +1 +0 -2 -3 -3 
21 日 中 12.0 -2 -1 +1 +2 +3 +4 +3 +2 +0 -1 -3 -3 -3 -2 +0 +2 +3 +4 +4 +3 +1 -1 -2 -3 
22 月 中 13.0 -3 -2 -1 +1 +3 +4 +4 +3 +2 +0 -2 -3 -4 -3 -1 +1 +3 +4 +5 +4 +3 +1 -2 -3 
23 火 中 14.0 -4 -3 -2 +0 +2 +4 +5 +4 +3 +1 -1 -3 -4 -4 -3 -1 +1 +3 +5 +5 +4 +2 +0 -2 
24 水 大 15.0 -4 -4 -3 -2 +1 +3 +5 +5 +4 +3 +0 -2 -4 -4 -4 -2 +0 +2 +4 +5 +5 +3 +1 -1 
25 木 大 16.0 -3 -4 -4 -3 -1 +2 +4 +5 +5 +4 +2 -1 -3 -4 -4 -3 -1 +1 +3 +5 +5 +4 +2 +0 
26 金 大 17.0 -2 -4 -4 -4 -2 +0 +3 +4 +5 +5 +3 +1 -1 -3 -4 -4 -3 +0 +2 +4 +5 +5 +4 +2 
27 土 中 18.0 -1 -3 -4 -4 -3 -1 +1 +3 +5 +5 +4 +2 +0 -2 -3 -4 -3 -2 +0 +3 +4 +5 +4 +3 
28 日 中 19.0 +1 -1 -3 -4 -3 -2 +0 +2 +3 +4 +4 +3 +1 -1 -2 -3 -3 -2 -1 +1 +3 +4 +4 +3 
29 月 中 20.0 +2 +0 -2 -3 -3 -3 -1 +0 +2 +3 +4 +4 +2 +1 -1 -2 -3 -3 -2 +0 +1 +3 +4 +3 
30 火 小 21.0 +3 +1 +0 -2 -2 -3 -2 -1 +1 +2 +3 +3 +3 +2 +0 -1 -2 -2 -2 -1 +0 +1 +2 +3 
31 水 小 22.0 +3 +2 +1 +0 -1 -2 -2 -2 -1 +1 +2 +3 +3 +2 +2 +1 -1 -1 -2 -2 -1 +0 +1 +2 
2018 11
             : 0  1  2  3  4  5  6  7  8  9 10 11 12 13 14 15 16 17 18 19 20 21 22 23 
 1 木 小 23.0 +3 +3 +2 +1 +0 -1 -2 -2 -1 -1 +0 +1 +2 +2 +2 +2 +1 +0 -1 -2 -2 -1 +0 +1 
 2 金 長 24.0 +2 +2 +2 +2 +1 +1 +0 -1 -2 -2 -1 +0 +1 +2 +2 +3 +2 +1 +0 -1 -2 -2 -2 -1 
 3 土 若 25.0 +0 +1 +2 +3 +3 +2 +1 +0 -1 -2 -2 -1 +0 +1 +2 +3 +3 +3 +2 +0 -1 -2 -2 -2 
 4 日 中 26.0 -1 +0 +2 +3 +3 +3 +2 +1 -1 -2 -3 -3 -2 -1 +1 +2 +3 +4 +3 +2 +0 -1 -3 -3 
 5 月 中 27.0 -2 -1 +0 +2 +3 +4 +4 +2 +1 -1 -2 -3 -3 -2 +0 +2 +3 +4 +4 +3 +1 +0 -2 -3 
 6 火 中 28.0 -3 -3 -1 +1 +3 +4 +4 +4 +2 +0 -2 -3 -4 -3 -2 +0 +2 +4 +5 +4 +3 +1 -1 -3 
 7 水 大 29.0 -4 -4 -2 +0 +2 +4 +5 +5 +4 +2 -1 -3 -4 -4 -3 -1 +1 +3 +5 +5 +4 +2 +0 -2 
 8 木 大  0.5 -4 -4 -4 -2 +0 +3 +4 +5 +5 +3 +1 -2 -3 -4 -4 -2 +0 +2 +4 +5 +5 +4 +1 -1 
 9 金 大  1.5 -3 -4 -4 -3 -1 +1 +4 +5 +5 +4 +2 +0 -2 -4 -4 -3 -2 +1 +3 +5 +5 +4 +3 +1 
10 土 大  2.5 -2 -4 -4 -4 -2 +0 +2 +4 +5 +5 +3 +1 -1 -3 -4 -4 -3 -1 +2 +4 +5 +5 +4 +2 
11 日 中  3.5 +0 -2 -4 -4 -3 -1 +1 +3 +4 +5 +4 +2 +0 -2 -3 -4 -3 -2 +0 +2 +4 +5 +4 +3 
12 月 中  4.5 +1 -1 -3 -4 -3 -2 -1 +1 +3 +4 +4 +3 +2 +0 -2 -3 -3 -3 -1 +1 +2 +4 +4 +3 
13 火 中  5.5 +2 +0 -1 -3 -3 -3 -2 +0 +2 +3 +4 +4 +3 +1 -1 -2 -3 -3 -2 -1 +1 +2 +3 +3 
14 水 小  6.5 +3 +2 +0 -1 -2 -3 -2 -1 +0 +2 +3 +3 +3 +2 +1 -1 -2 -2 -2 -1 +0 +1 +2 +3 
15 木 小  7.5 +3 +2 +1 +0 -1 -2 -2 -2 -1 +0 +1 +2 +3 +3 +2 +1 +0 -1 -2 -2 -1 +0 +1 +2 
16 金 小  8.5 +2 +3 +2 +1 +0 -1 -1 -2 -2 -1 +0 +1 +2 +2 +2 +2 +1 +0 -1 -1 -2 -1 -1 +0 
17 土 長  9.5 +1 +2 +2 +2 +2 +1 +0 -1 -2 -2 -1 +0 +1 +2 +2 +3 +2 +2 +0 -1 -2 -2 -2 -1 
18 日 若 10.5 +0 +1 +2 +3 +3 +2 +1 +0 -1 -2 -2 -2 -1 +1 +2 +3 +3 +3 +2 +1 -1 -2 -2 -2 
19 月 中 11.5 -1 +0 +1 +3 +3 +3 +3 +1 +0 -2 -3 -3 -2 -1 +1 +2 +3 +4 +3 +2 +0 -1 -3 -3 
20 火 中 12.5 -3 -2 +0 +2 +3 +4 +4 +3 +1 -1 -2 -3 -3 -2 -1 +1 +3 +4 +4 +3 +2 +0 -2 -3 
21 水 中 13.5 -4 -3 -1 +1 +3 +4 +5 +4 +3 +0 -2 -3 -4 -3 -2 +0 +2 +4 +5 +4 +3 +1 -1 -3 
22 木 大 14.5 -4 -4 -3 -1 +1 +3 +5 +5 +4 +2 +0 -2 -4 -4 -3 -1 +1 +3 +5 +5 +4 +3 +0 -2 
23 金 大 15.5 -4 -4 -4 -2 +0 +2 +4 +5 +5 +3 +1 -1 -3 -4 -4 -3 -1 +2 +4 +5 +5 +4 +2 -1 
24 土 大 16.5 -3 -4 -4 -3 -1 +1 +3 +5 +5 +4 +2 +0 -2 -4 -4 -4 -2 +0 +3 +4 +5 +5 +3 +1 
25 日 大 17.5 -1 -3 -4 -4 -3 +0 +2 +4 +5 +5 +4 +2 -1 -3 -4 -4 -3 -1 +1 +3 +5 +5 +4 +2 
26 月 中 18.5 +0 -2 -4 -4 -3 -2 +0 +3 +4 +5 +4 +3 +1 -1 -3 -4 -3 -2 +0 +2 +4 +4 +4 +3 
27 火 中 19.5 +1 -1 -2 -3 -3 -2 -1 +1 +3 +4 +4 +3 +2 +0 -2 -3 -3 -3 -1 +0 +2 +3 +4 +4 
28 水 中 20.5 +2 +1 -1 -2 -3 -3 -2 +0 +1 +3 +4 +3 +3 +1 +0 -2 -3 -3 -2 -1 +1 +2 +3 +3 
29 木 小 21.5 +3 +2 +0 -1 -2 -2 -2 -1 +0 +1 +2 +3 +3 +2 +1 +0 -1 -2 -2 -2 -1 +1 +2 +3 
30 金 小 22.5 +3 +2 +2 +0 -1 -2 -2 -2 -1 +0 +1 +2 +3 +3 +2 +1 +0 -1 -2 -2 -1 -1 +0 +1 
2018 12
             : 0  1  2  3  4  5  6  7  8  9 10 11 12 13 14 15 16 17 18 19 20 21 22 23 
 1 土 長 23.5 +2 +2 +2 +2 +1 +0 -1 -2 -2 -1 +0 +1 +2 +2 +2 +2 +1 +0 -1 -1 -2 -2 -1 +0 
 2 日 若 24.5 +1 +2 +2 +3 +2 +1 +0 -1 -2 -2 -2 -1 +0 +1 +2 +3 +3 +2 +1 +0 -1 -2 -2 -1 
 3 月 中 25.5 +0 +1 +2 +3 +3 +3 +2 +0 -1 -2 -2 -2 -1 +0 +2 +3 +3 +3 +2 +1 -1 -2 -3 -3 
 4 火 中 26.5 -2 +0 +1 +2 +3 +4 +3 +2 +0 -1 -3 -3 -2 -1 +0 +2 +3 +4 +4 +2 +1 -1 -2 -3 
 5 水 中 27.5 -3 -2 +0 +2 +3 +4 +4 +3 +1 -1 -2 -3 -3 -3 -1 +1 +3 +4 +4 +4 +2 +0 -2 -3 
 6 木 大 28.5 -4 -3 -2 +0 +2 +4 +5 +4 +3 +1 -1 -3 -4 -4 -2 +0 +2 +4 +5 +5 +3 +2 -1 -3 
 7 金 大 29.5 -4 -4 -3 -1 +1 +3 +5 +5 +4 +2 +0 -2 -4 -4 -4 -2 +0 +3 +4 +5 +5 +3 +1 -2 
 8 土 大  0.8 -3 -4 -4 -2 +0 +2 +4 +5 +5 +4 +1 -1 -3 -4 -4 -3 -1 +1 +4 +5 +5 +4 +2 +0 
 9 日 大  1.8 -2 -4 -4 -3 -2 +1 +3 +5 +5 +4 +3 +0 -2 -4 -4 -4 -2 +0 +2 +4 +5 +5 +3 +1 
10 月 中  2.8 -1 -3 -4 -4 -3 -1 +2 +4 +5 +5 +4 +2 +0 -2 -4 -4 -3 -1 +1 +3 +4 +5 +4 +2 
11 火 中  3.8 +0 -2 -3 -4 -3 -2 +0 +2 +4 +5 +4 +3 +1 -1 -3 -4 -3 -2 +0 +2 +3 +4 +4 +3 
12 水 中  4.8 +2 +0 -2 -3 -3 -3 -1 +1 +3 +4 +4 +3 +2 +0 -1 -3 -3 -3 -2 +0 +2 +3 +4 +4 
13 木 中  5.8 +3 +1 -1 -2 -3 -3 -2 +0 +1 +2 +3 +3 +3 +2 +0 -1 -2 -3 -2 -1 +0 +2 +3 +3 
14 金 小  6.8 +3 +2 +1 -1 -2 -2 -2 -1 +0 +1 +2 +3 +3 +2 +1 +0 -1 -2 -2 -2 -1 +0 +1 +2 
15 土 小  7.8 +3 +2 +2 +1 +0 -1 -2 -2 -1 +0 +1 +2 +2 +3 +2 +1 +0 -1 -1 -2 -2 -1 +0 +1 
16 日 小  8.8 +2 +2 +2 +2 +1 +0 -1 -1 -2 -1 -1 +0 +1 +2 +2 +2 +2 +1 +0 -1 -2 -2 -1 +0 
17 月 長  9.8 +1 +2 +2 +3 +2 +2 +0 -1 -2 -2 -2 -1 +0 +1 +2 +3 +3 +2 +1 +0 -1 -2 -2 -2 
18 火 若 10.8 -1 +1 +2 +3 +3 +3 +2 +1 -1 -2 -2 -2 -1 +0 +1 +3 +3 +3 +3 +1 +0 -2 -3 -3 
19 水 中 11.8 -2 -1 +1 +2 +3 +4 +3 +2 +0 -1 -3 -3 -3 -2 +0 +2 +3 +4 +4 +3 +1 -1 -2 -3 
20 木 中 12.8 -3 -2 -1 +1 +3 +4 +4 +3 +2 +0 -2 -3 -4 -3 -1 +1 +3 +4 +4 +4 +2 +0 -2 -3 
21 金 中 13.8 -4 -3 -2 +0 +2 +4 +5 +4 +3 +1 -1 -3 -4 -4 -3 -1 +2 +3 +5 +5 +4 +2 +0 -2 
22 土 大 14.8 -4 -4 -3 -1 +1 +3 +5 +5 +4 +3 +0 -2 -4 -4 -4 -2 +0 +2 +4 +5 +5 +3 +1 -1 
23 日 大 15.8 -3 -4 -4 -3 -1 +2 +4 +5 +5 +4 +2 -1 -3 -4 -4 -3 -1 +1 +3 +5 +5 +4 +2 +0 
24 月 大 16.8 -2 -4 -4 -4 -2 +0 +3 +4 +5 +5 +3 +1 -2 -3 -4 -4 -2 +0 +2 +4 +5 +5 +4 +1 
25 火 中 17.8 -1 -3 -4 -4 -3 -1 +1 +3 +5 +5 +4 +2 +0 -2 -4 -4 -3 -2 +1 +3 +4 +5 +4 +3 
26 水 中 18.8 +1 -1 -3 -4 -3 -2 +0 +2 +4 +4 +4 +3 +1 -1 -2 -3 -3 -2 -1 +1 +3 +4 +4 +3 
27 木 中 19.8 +2 +0 -2 -3 -3 -3 -1 +0 +2 +3 +4 +4 +2 +1 -1 -2 -3 -3 -2 +0 +1 +3 +4 +3 
28 金 小 20.8 +3 +1 +0 -2 -3 -3 -2 -1 +1 +2 +3 +3 +3 +2 +0 -1 -2 -2 -2 -1 +0 +1 +3 +3 
29 土 小 21.8 +3 +2 +1 +0 -1 -2 -2 -2 +0 +1 +2 +3 +3 +2 +2 +0 -1 -2 -2 -2 -1 +0 +1 +2 
30 日 小 22.8 +3 +3 +2 +1 +0 -1 -2 -2 -1 -1 +0 +1 +2 +2 +2 +2 +1 +0 -1 -2 -2 -1 +0 +1 
31 月 長 23.8 +2 +2 +2 +2 +1 +0 -1 -1 -2 -2 -1 +0 +1 +2 +2 +3 +2 +1 +0 -1 -2 -2 -2 -1 
