2016  7 21  0  0  174
2016  7 21  0  5  172
2016  7 21  0 10  170
2016  7 21  0 15  168
2016  7 21  0 20  165
2016  7 21  0 25  163
2016  7 21  0 30  161
2016  7 21  0 35  159
2016  7 21  0 40  156
2016  7 21  0 45  153
2016  7 21  0 50  151
2016  7 21  0 55  148
2016  7 21  1  0  146
2016  7 21  1  5  143
2016  7 21  1 10  140
2016  7 21  1 15  137
2016  7 21  1 20  134
2016  7 21  1 25  131
2016  7 21  1 30  128
2016  7 21  1 35  125
2016  7 21  1 40  122
2016  7 21  1 45  119
2016  7 21  1 50  115
2016  7 21  1 55  112
2016  7 21  2  0  109
2016  7 21  2  5  105
2016  7 21  2 10  102
2016  7 21  2 15  100
2016  7 21  2 20   97
2016  7 21  2 25   94
2016  7 21  2 30   91
2016  7 21  2 35   89
2016  7 21  2 40   88
2016  7 21  2 45   86
2016  7 21  2 50   84
2016  7 21  2 55   83
2016  7 21  3  0   83
2016  7 21  3  5   82
2016  7 21  3 10   81
2016  7 21  3 15   81
2016  7 21  3 20   80
2016  7 21  3 25   80
2016  7 21  3 30   80
2016  7 21  3 35   80
2016  7 21  3 40   79
2016  7 21  3 45   78
2016  7 21  3 50   77
2016  7 21  3 55   77
2016  7 21  4  0   76
2016  7 21  4  5   76
2016  7 21  4 10   76
2016  7 21  4 15   75
2016  7 21  4 20   76
2016  7 21  4 25   76
2016  7 21  4 30   77
2016  7 21  4 35   78
2016  7 21  4 40   78
2016  7 21  4 45   79
2016  7 21  4 50   79
2016  7 21  4 55   80
2016  7 21  5  0   82
2016  7 21  5  5   83
2016  7 21  5 10   84
2016  7 21  5 15   86
2016  7 21  5 20   88
2016  7 21  5 25   90
2016  7 21  5 30   92
2016  7 21  5 35   93
2016  7 21  5 40   95
2016  7 21  5 45   97
2016  7 21  5 50   99
2016  7 21  5 55  101
2016  7 21  6  0  103
2016  7 21  6  5  105
2016  7 21  6 10  107
2016  7 21  6 15  110
2016  7 21  6 20  112
2016  7 21  6 25  114
2016  7 21  6 30  116
2016  7 21  6 35  118
2016  7 21  6 40  120
2016  7 21  6 45  122
2016  7 21  6 50  124
2016  7 21  6 55  126
2016  7 21  7  0  129
2016  7 21  7  5  132
2016  7 21  7 10  135
2016  7 21  7 15  138
2016  7 21  7 20  140
2016  7 21  7 25  143
2016  7 21  7 30  147
2016  7 21  7 35  150
2016  7 21  7 40  153
2016  7 21  7 45  157
2016  7 21  7 50  160
2016  7 21  7 55  164
2016  7 21  8  0  168
2016  7 21  8  5  171
2016  7 21  8 10  174
2016  7 21  8 15  177
2016  7 21  8 20  180
2016  7 21  8 25  183
2016  7 21  8 30  186
2016  7 21  8 35  188
2016  7 21  8 40  190
2016  7 21  8 45  193
2016  7 21  8 50  194
2016  7 21  8 55  196
2016  7 21  9  0  198
2016  7 21  9  5  199
2016  7 21  9 10  201
2016  7 21  9 15  203
2016  7 21  9 20  204
2016  7 21  9 25  205
2016  7 21  9 30  207
2016  7 21  9 35  207
2016  7 21  9 40  208
2016  7 21  9 45  208
2016  7 21  9 50  209
2016  7 21  9 55  209
2016  7 21 10  0  209
2016  7 21 10  5  209
2016  7 21 10 10  210
2016  7 21 10 15  210
2016  7 21 10 20  210
2016  7 21 10 25  211
2016  7 21 10 30  211
2016  7 21 10 35  212
2016  7 21 10 40  212
2016  7 21 10 45  212
2016  7 21 10 50  212
2016  7 21 10 55  211
2016  7 21 11  0  211
2016  7 21 11  5  209
2016  7 21 11 10  208
2016  7 21 11 15  206
2016  7 21 11 20  205
2016  7 21 11 25  203
2016  7 21 11 30  201
2016  7 21 11 35  199
2016  7 21 11 40  196
2016  7 21 11 45  194
2016  7 21 11 50  191
2016  7 21 11 55  188
2016  7 21 12  0  184
2016  7 21 12  5  181
2016  7 21 12 10  178
2016  7 21 12 15  176
2016  7 21 12 20  173
2016  7 21 12 25  170
2016  7 21 12 30  166
2016  7 21 12 35  163
2016  7 21 12 40  160
2016  7 21 12 45  157
2016  7 21 12 50  153
2016  7 21 12 55  150
2016  7 21 13  0  147
2016  7 21 13  5  144
2016  7 21 13 10  141
2016  7 21 13 15  137
2016  7 21 13 20  134
2016  7 21 13 25  131
2016  7 21 13 30  127
2016  7 21 13 35  124
2016  7 21 13 40  121
2016  7 21 13 45  117
2016  7 21 13 50  114
2016  7 21 13 55  110
2016  7 21 14  0  106
2016  7 21 14  5  102
2016  7 21 14 10   97
2016  7 21 14 15   92
2016  7 21 14 20   86
2016  7 21 14 25   81
2016  7 21 14 30   77
2016  7 21 14 35   73
2016  7 21 14 40   69
2016  7 21 14 45   65
2016  7 21 14 50   63
2016  7 21 14 55   60
2016  7 21 15  0   58
2016  7 21 15  5   56
2016  7 21 15 10   54
2016  7 21 15 15   53
2016  7 21 15 20   52
2016  7 21 15 25   51
2016  7 21 15 30   51
2016  7 21 15 35   50
2016  7 21 15 40   49
2016  7 21 15 45   48
2016  7 21 15 50   47
2016  7 21 15 55   45
2016  7 21 16  0   43
2016  7 21 16  5   42
2016  7 21 16 10   40
2016  7 21 16 15   39
2016  7 21 16 20   38
2016  7 21 16 25   37
2016  7 21 16 30   36
2016  7 21 16 35   35
2016  7 21 16 40   34
2016  7 21 16 45   33
2016  7 21 16 50   32
2016  7 21 16 55   31
2016  7 21 17  0   31
2016  7 21 17  5   31
2016  7 21 17 10   32
2016  7 21 17 15   33
2016  7 21 17 20   34
2016  7 21 17 25   36
2016  7 21 17 30   38
2016  7 21 17 35   39
2016  7 21 17 40   41
2016  7 21 17 45   43
2016  7 21 17 50   44
2016  7 21 17 55   46
2016  7 21 18  0   48
2016  7 21 18  5   50
2016  7 21 18 10   53
2016  7 21 18 15   55
2016  7 21 18 20   57
2016  7 21 18 25   59
2016  7 21 18 30   60
2016  7 21 18 35   62
2016  7 21 18 40   64
2016  7 21 18 45   66
2016  7 21 18 50   67
2016  7 21 18 55   69
2016  7 21 19  0   71
2016  7 21 19  5   72
2016  7 21 19 10   75
2016  7 21 19 15   77
2016  7 21 19 20   79
2016  7 21 19 25   81
2016  7 21 19 30   84
2016  7 21 19 35   87
2016  7 21 19 40   90
2016  7 21 19 45   93
2016  7 21 19 50   97
2016  7 21 19 55  100
2016  7 21 20  0  104
2016  7 21 20  5  108
2016  7 21 20 10  112
2016  7 21 20 15  116
2016  7 21 20 20  120
2016  7 21 20 25  123
2016  7 21 20 30  127
2016  7 21 20 35  131
2016  7 21 20 40  134
2016  7 21 20 45  138
2016  7 21 20 50  141
2016  7 21 20 55  144
2016  7 21 21  0  147
2016  7 21 21  5  149
2016  7 21 21 10  152
2016  7 21 21 15  154
2016  7 21 21 20  156
2016  7 21 21 25  159
2016  7 21 21 30  161
2016  7 21 21 35  163
2016  7 21 21 40  165
2016  7 21 21 45  168
2016  7 21 21 50  169
2016  7 21 21 55  172
2016  7 21 22  0  174
2016  7 21 22  5  176
2016  7 21 22 10  178
2016  7 21 22 15  181
2016  7 21 22 20  183
2016  7 21 22 25  184
2016  7 21 22 30  186
2016  7 21 22 35  188
2016  7 21 22 40  190
2016  7 21 22 45  192
2016  7 21 22 50  194
2016  7 21 22 55  196
2016  7 21 23  0  197
2016  7 21 23  5  197
2016  7 21 23 10  197
2016  7 21 23 15  196
2016  7 21 23 20  196
2016  7 21 23 25  195
2016  7 21 23 30  195
2016  7 21 23 35  194
2016  7 21 23 40  193
2016  7 21 23 45  191
2016  7 21 23 50  190
2016  7 21 23 55  189
