2016  7 25  0  0  179
2016  7 25  0  5  181
2016  7 25  0 10  183
2016  7 25  0 15  184
2016  7 25  0 20  186
2016  7 25  0 25  187
2016  7 25  0 30  188
2016  7 25  0 35  189
2016  7 25  0 40  189
2016  7 25  0 45  190
2016  7 25  0 50  190
2016  7 25  0 55  191
2016  7 25  1  0  191
2016  7 25  1  5  191
2016  7 25  1 10  192
2016  7 25  1 15  192
2016  7 25  1 20  192
2016  7 25  1 25  191
2016  7 25  1 30  191
2016  7 25  1 35  190
2016  7 25  1 40  190
2016  7 25  1 45  189
2016  7 25  1 50  188
2016  7 25  1 55  186
2016  7 25  2  0  186
2016  7 25  2  5  185
2016  7 25  2 10  183
2016  7 25  2 15  182
2016  7 25  2 20  181
2016  7 25  2 25  181
2016  7 25  2 30  179
2016  7 25  2 35  178
2016  7 25  2 40  177
2016  7 25  2 45  176
2016  7 25  2 50  174
2016  7 25  2 55  173
2016  7 25  3  0  171
2016  7 25  3  5  168
2016  7 25  3 10  166
2016  7 25  3 15  164
2016  7 25  3 20  161
2016  7 25  3 25  159
2016  7 25  3 30  156
2016  7 25  3 35  153
2016  7 25  3 40  150
2016  7 25  3 45  147
2016  7 25  3 50  143
2016  7 25  3 55  140
2016  7 25  4  0  136
2016  7 25  4  5  133
2016  7 25  4 10  130
2016  7 25  4 15  127
2016  7 25  4 20  124
2016  7 25  4 25  122
2016  7 25  4 30  119
2016  7 25  4 35  117
2016  7 25  4 40  114
2016  7 25  4 45  112
2016  7 25  4 50  111
2016  7 25  4 55  108
2016  7 25  5  0  107
2016  7 25  5  5  105
2016  7 25  5 10  103
2016  7 25  5 15  102
2016  7 25  5 20  101
2016  7 25  5 25   99
2016  7 25  5 30   97
2016  7 25  5 35   95
2016  7 25  5 40   93
2016  7 25  5 45   92
2016  7 25  5 50   90
2016  7 25  5 55   89
2016  7 25  6  0   88
2016  7 25  6  5   87
2016  7 25  6 10   87
2016  7 25  6 15   86
2016  7 25  6 20   85
2016  7 25  6 25   83
2016  7 25  6 30   82
2016  7 25  6 35   81
2016  7 25  6 40   81
2016  7 25  6 45   80
2016  7 25  6 50   80
2016  7 25  6 55   80
2016  7 25  7  0   80
2016  7 25  7  5   80
2016  7 25  7 10   81
2016  7 25  7 15   82
2016  7 25  7 20   83
2016  7 25  7 25   83
2016  7 25  7 30   84
2016  7 25  7 35   85
2016  7 25  7 40   86
2016  7 25  7 45   87
2016  7 25  7 50   87
2016  7 25  7 55   87
2016  7 25  8  0   88
2016  7 25  8  5   89
2016  7 25  8 10   90
2016  7 25  8 15   92
2016  7 25  8 20   93
2016  7 25  8 25   94
2016  7 25  8 30   95
2016  7 25  8 35   97
2016  7 25  8 40   97
2016  7 25  8 45   99
2016  7 25  8 50  100
2016  7 25  8 55  102
2016  7 25  9  0  103
2016  7 25  9  5  105
2016  7 25  9 10  107
2016  7 25  9 15  109
2016  7 25  9 20  111
2016  7 25  9 25  113
2016  7 25  9 30  114
2016  7 25  9 35  116
2016  7 25  9 40  118
2016  7 25  9 45  120
2016  7 25  9 50  122
2016  7 25  9 55  124
2016  7 25 10  0  126
2016  7 25 10  5  129
2016  7 25 10 10  131
2016  7 25 10 15  133
2016  7 25 10 20  135
2016  7 25 10 25  138
2016  7 25 10 30  140
2016  7 25 10 35  143
2016  7 25 10 40  145
2016  7 25 10 45  147
2016  7 25 10 50  149
2016  7 25 10 55  152
2016  7 25 11  0  154
2016  7 25 11  5  157
2016  7 25 11 10  159
2016  7 25 11 15  162
2016  7 25 11 20  165
2016  7 25 11 25  168
2016  7 25 11 30  170
2016  7 25 11 35  172
2016  7 25 11 40  174
2016  7 25 11 45  176
2016  7 25 11 50  178
2016  7 25 11 55  180
2016  7 25 12  0  182
2016  7 25 12  5  184
2016  7 25 12 10  186
2016  7 25 12 15  186
2016  7 25 12 20  187
2016  7 25 12 25  188
2016  7 25 12 30  190
2016  7 25 12 35  191
2016  7 25 12 40  192
2016  7 25 12 45  193
2016  7 25 12 50  194
2016  7 25 12 55  195
2016  7 25 13  0  196
2016  7 25 13  5  196
2016  7 25 13 10  196
2016  7 25 13 15  197
2016  7 25 13 20  197
2016  7 25 13 25  197
2016  7 25 13 30  198
2016  7 25 13 35  198
2016  7 25 13 40  198
2016  7 25 13 45  198
2016  7 25 13 50  197
2016  7 25 13 55  196
2016  7 25 14  0  193
2016  7 25 14  5  192
2016  7 25 14 10  190
2016  7 25 14 15  188
2016  7 25 14 20  186
2016  7 25 14 25  184
2016  7 25 14 30  182
2016  7 25 14 35  181
2016  7 25 14 40  179
2016  7 25 14 45  176
2016  7 25 14 50  174
2016  7 25 14 55  172
2016  7 25 15  0  171
2016  7 25 15  5  170
2016  7 25 15 10  168
2016  7 25 15 15  165
2016  7 25 15 20  163
2016  7 25 15 25  161
2016  7 25 15 30  159
2016  7 25 15 35  156
2016  7 25 15 40  152
2016  7 25 15 45  149
2016  7 25 15 50  146
2016  7 25 15 55  143
2016  7 25 16  0  141
2016  7 25 16  5  138
2016  7 25 16 10  135
2016  7 25 16 15  131
2016  7 25 16 20  128
2016  7 25 16 25  125
2016  7 25 16 30  122
2016  7 25 16 35  119
2016  7 25 16 40  116
2016  7 25 16 45  113
2016  7 25 16 50  110
2016  7 25 16 55  107
2016  7 25 17  0  104
2016  7 25 17  5  102
2016  7 25 17 10   99
2016  7 25 17 15   96
2016  7 25 17 20   94
2016  7 25 17 25   93
2016  7 25 17 30   91
2016  7 25 17 35   89
2016  7 25 17 40   87
2016  7 25 17 45   85
2016  7 25 17 50   84
2016  7 25 17 55   82
2016  7 25 18  0   80
2016  7 25 18  5   79
2016  7 25 18 10   78
2016  7 25 18 15   78
2016  7 25 18 20   77
2016  7 25 18 25   77
2016  7 25 18 30   76
2016  7 25 18 35   75
2016  7 25 18 40   74
2016  7 25 18 45   74
2016  7 25 18 50   73
2016  7 25 18 55   72
2016  7 25 19  0   72
2016  7 25 19  5   72
2016  7 25 19 10   72
2016  7 25 19 15   72
2016  7 25 19 20   72
2016  7 25 19 25   72
2016  7 25 19 30   71
2016  7 25 19 35   71
2016  7 25 19 40   72
2016  7 25 19 45   72
2016  7 25 19 50   72
2016  7 25 19 55   73
2016  7 25 20  0   75
2016  7 25 20  5   76
2016  7 25 20 10   77
2016  7 25 20 15   78
2016  7 25 20 20   79
2016  7 25 20 25   80
2016  7 25 20 30   81
2016  7 25 20 35   83
2016  7 25 20 40   85
2016  7 25 20 45   87
2016  7 25 20 50   89
2016  7 25 20 55   92
2016  7 25 21  0   94
2016  7 25 21  5   96
2016  7 25 21 10   98
2016  7 25 21 15   99
2016  7 25 21 20  100
2016  7 25 21 25  101
2016  7 25 21 30  103
2016  7 25 21 35  104
2016  7 25 21 40  106
2016  7 25 21 45  107
2016  7 25 21 50  109
2016  7 25 21 55  110
2016  7 25 22  0  111
2016  7 25 22  5  112
2016  7 25 22 10  114
2016  7 25 22 15  115
2016  7 25 22 20  117
2016  7 25 22 25  119
2016  7 25 22 30  121
2016  7 25 22 35  123
2016  7 25 22 40  125
2016  7 25 22 45  127
2016  7 25 22 50  130
2016  7 25 22 55  132
2016  7 25 23  0  134
2016  7 25 23  5  136
2016  7 25 23 10  139
2016  7 25 23 15  142
2016  7 25 23 20  144
2016  7 25 23 25  146
2016  7 25 23 30  148
2016  7 25 23 35  150
2016  7 25 23 40  151
2016  7 25 23 45  153
2016  7 25 23 50  155
2016  7 25 23 55  157
