2016  7 31  0  0  117
2016  7 31  0  5  116
2016  7 31  0 10  114
2016  7 31  0 15  114
2016  7 31  0 20  113
2016  7 31  0 25  113
2016  7 31  0 30  113
2016  7 31  0 35  114
2016  7 31  0 40  115
2016  7 31  0 45  115
2016  7 31  0 50  116
2016  7 31  0 55  116
2016  7 31  1  0  116
2016  7 31  1  5  116
2016  7 31  1 10  116
2016  7 31  1 15  116
2016  7 31  1 20  116
2016  7 31  1 25  116
2016  7 31  1 30  116
2016  7 31  1 35  116
2016  7 31  1 40  115
2016  7 31  1 45  115
2016  7 31  1 50  114
2016  7 31  1 55  114
2016  7 31  2  0  113
2016  7 31  2  5  113
2016  7 31  2 10  113
2016  7 31  2 15  114
2016  7 31  2 20  114
2016  7 31  2 25  115
2016  7 31  2 30  116
2016  7 31  2 35  118
2016  7 31  2 40  119
2016  7 31  2 45  121
2016  7 31  2 50  123
2016  7 31  2 55  126
2016  7 31  3  0  128
2016  7 31  3  5  130
2016  7 31  3 10  132
2016  7 31  3 15  134
2016  7 31  3 20  135
2016  7 31  3 25  136
2016  7 31  3 30  137
2016  7 31  3 35  138
2016  7 31  3 40  139
2016  7 31  3 45  140
2016  7 31  3 50  141
2016  7 31  3 55  142
2016  7 31  4  0  143
2016  7 31  4  5  144
2016  7 31  4 10  146
2016  7 31  4 15  148
2016  7 31  4 20  151
2016  7 31  4 25  153
2016  7 31  4 30  156
2016  7 31  4 35  159
2016  7 31  4 40  162
2016  7 31  4 45  164
2016  7 31  4 50  167
2016  7 31  4 55  169
2016  7 31  5  0  171
2016  7 31  5  5  173
2016  7 31  5 10  175
2016  7 31  5 15  177
2016  7 31  5 20  178
2016  7 31  5 25  178
2016  7 31  5 30  178
2016  7 31  5 35  178
2016  7 31  5 40  178
2016  7 31  5 45  178
2016  7 31  5 50  178
2016  7 31  5 55  180
2016  7 31  6  0  181
2016  7 31  6  5  182
2016  7 31  6 10  183
2016  7 31  6 15  184
2016  7 31  6 20  186
2016  7 31  6 25  187
2016  7 31  6 30  189
2016  7 31  6 35  192
2016  7 31  6 40  194
2016  7 31  6 45  197
2016  7 31  6 50  200
2016  7 31  6 55  202
2016  7 31  7  0  203
2016  7 31  7  5  204
2016  7 31  7 10  204
2016  7 31  7 15  204
2016  7 31  7 20  205
2016  7 31  7 25  205
2016  7 31  7 30  205
2016  7 31  7 35  205
2016  7 31  7 40  204
2016  7 31  7 45  202
2016  7 31  7 50  201
2016  7 31  7 55  199
2016  7 31  8  0  198
2016  7 31  8  5  198
2016  7 31  8 10  198
2016  7 31  8 15  198
2016  7 31  8 20  198
2016  7 31  8 25  197
2016  7 31  8 30  196
2016  7 31  8 35  195
2016  7 31  8 40  194
2016  7 31  8 45  193
2016  7 31  8 50  192
2016  7 31  8 55  191
2016  7 31  9  0  189
2016  7 31  9  5  187
2016  7 31  9 10  185
2016  7 31  9 15  183
2016  7 31  9 20  179
2016  7 31  9 25  176
2016  7 31  9 30  173
2016  7 31  9 35  170
2016  7 31  9 40  167
2016  7 31  9 45  165
2016  7 31  9 50  162
2016  7 31  9 55  159
2016  7 31 10  0  156
2016  7 31 10  5  153
2016  7 31 10 10  150
2016  7 31 10 15  147
2016  7 31 10 20  145
2016  7 31 10 25  143
2016  7 31 10 30  141
2016  7 31 10 35  139
2016  7 31 10 40  137
2016  7 31 10 45  134
2016  7 31 10 50  132
2016  7 31 10 55  130
2016  7 31 11  0  127
2016  7 31 11  5  125
2016  7 31 11 10  122
2016  7 31 11 15  119
2016  7 31 11 20  117
2016  7 31 11 25  114
2016  7 31 11 30  112
2016  7 31 11 35  109
2016  7 31 11 40  106
2016  7 31 11 45  104
2016  7 31 11 50  101
2016  7 31 11 55   99
2016  7 31 12  0   97
2016  7 31 12  5   94
2016  7 31 12 10   92
2016  7 31 12 15   90
2016  7 31 12 20   87
2016  7 31 12 25   85
2016  7 31 12 30   84
2016  7 31 12 35   82
2016  7 31 12 40   80
2016  7 31 12 45   78
2016  7 31 12 50   75
2016  7 31 12 55   73
2016  7 31 13  0   71
2016  7 31 13  5   69
2016  7 31 13 10   67
2016  7 31 13 15   65
2016  7 31 13 20   63
2016  7 31 13 25   62
2016  7 31 13 30   61
2016  7 31 13 35   60
2016  7 31 13 40   60
2016  7 31 13 45   59
2016  7 31 13 50   59
2016  7 31 13 55   58
2016  7 31 14  0   57
2016  7 31 14  5   56
2016  7 31 14 10   56
2016  7 31 14 15   56
2016  7 31 14 20   56
2016  7 31 14 25   57
2016  7 31 14 30   58
2016  7 31 14 35   59
2016  7 31 14 40   59
2016  7 31 14 45   60
2016  7 31 14 50   60
2016  7 31 14 55   61
2016  7 31 15  0   62
2016  7 31 15  5   62
2016  7 31 15 10   63
2016  7 31 15 15   64
2016  7 31 15 20   66
2016  7 31 15 25   67
2016  7 31 15 30   68
2016  7 31 15 35   70
2016  7 31 15 40   71
2016  7 31 15 45   73
2016  7 31 15 50   74
2016  7 31 15 55   75
2016  7 31 16  0   76
2016  7 31 16  5   77
2016  7 31 16 10   78
2016  7 31 16 15   79
2016  7 31 16 20   81
2016  7 31 16 25   83
2016  7 31 16 30   85
2016  7 31 16 35   87
2016  7 31 16 40   90
2016  7 31 16 45   92
2016  7 31 16 50   95
2016  7 31 16 55   97
2016  7 31 17  0  100
2016  7 31 17  5  103
2016  7 31 17 10  106
2016  7 31 17 15  109
2016  7 31 17 20  112
2016  7 31 17 25  115
2016  7 31 17 30  118
2016  7 31 17 35  121
2016  7 31 17 40  125
2016  7 31 17 45  127
2016  7 31 17 50  130
2016  7 31 17 55  132
2016  7 31 18  0  135
2016  7 31 18  5  138
2016  7 31 18 10  140
2016  7 31 18 15  142
2016  7 31 18 20  144
2016  7 31 18 25  146
2016  7 31 18 30  148
2016  7 31 18 35  150
2016  7 31 18 40  152
2016  7 31 18 45  154
2016  7 31 18 50  156
2016  7 31 18 55  159
2016  7 31 19  0  161
2016  7 31 19  5  164
2016  7 31 19 10  167
2016  7 31 19 15  169
2016  7 31 19 20  172
2016  7 31 19 25  174
2016  7 31 19 30  177
2016  7 31 19 35  179
2016  7 31 19 40  182
2016  7 31 19 45  184
2016  7 31 19 50  186
2016  7 31 19 55  188
2016  7 31 20  0  189
2016  7 31 20  5  190
2016  7 31 20 10  191
2016  7 31 20 15  191
2016  7 31 20 20  192
2016  7 31 20 25  191
2016  7 31 20 30  191
2016  7 31 20 35  190
2016  7 31 20 40  189
2016  7 31 20 45  188
2016  7 31 20 50  187
2016  7 31 20 55  186
2016  7 31 21  0  185
2016  7 31 21  5  184
2016  7 31 21 10  183
2016  7 31 21 15  182
2016  7 31 21 20  181
2016  7 31 21 25  180
2016  7 31 21 30  180
2016  7 31 21 35  179
2016  7 31 21 40  178
2016  7 31 21 45  178
2016  7 31 21 50  177
2016  7 31 21 55  176
2016  7 31 22  0  175
2016  7 31 22  5  174
2016  7 31 22 10  172
2016  7 31 22 15  171
2016  7 31 22 20  169
2016  7 31 22 25  167
2016  7 31 22 30  165
2016  7 31 22 35  163
2016  7 31 22 40  161
2016  7 31 22 45  158
2016  7 31 22 50  157
2016  7 31 22 55  154
2016  7 31 23  0  152
2016  7 31 23  5  149
2016  7 31 23 10  147
2016  7 31 23 15  145
2016  7 31 23 20  142
2016  7 31 23 25  139
2016  7 31 23 30  137
2016  7 31 23 35  135
2016  7 31 23 40  132
2016  7 31 23 45  130
2016  7 31 23 50  128
2016  7 31 23 55  127
