f= [1.         1.         0.88965107 0.96865935 1.39395612 1.16175619
 1.16175619 1.16175619 1.16175619 1.16175619 0.96865935 1.70664292
 1.14804982 1.         1.         1.         1.10007895 1.
 1.         1.14804982 1.14804982 1.16175619 1.67233171 1.34967744
 0.93830094 0.96865935 0.96865935 0.96865935 0.96865935 1.16175619
 0.96865935 1.23245475 0.96865935 1.06152006 1.         1.
 1.         1.27233041 0.93830094 1.26294544 0.96865935 1.125346
 0.95335932 1.16175619 1.06560177 1.10007895 0.93830094 0.93830094
 0.96865935 0.96865935 1.23245475 1.         1.27233041 0.90889399
 0.90889399 0.93830094 0.93830094 1.19382882 0.96865935 1.23245475]
tl= [ 95.23057217  95.40188553  96.77850245  99.34702857 103.04174374
 107.75201242 113.33276342 119.61559681 126.41821677 133.55061758
 140.81756574 148.01812315 154.94392391 161.37838791 167.09889711
 171.88320533 175.52018908 177.82377359 178.6478194  177.89921221
 175.54652251 171.62238228 166.21899044 159.4776038  151.57414516
 142.70384788 133.06795701 122.86488949 112.28706435 101.52313854
  90.76398468  80.2097692   70.07517466  60.59023807  51.99534371
  44.53035342  38.41932481  33.85339941  30.97496312  29.8659683
  30.54241872  32.95568291  36.99985129  42.52314757  49.34073778
  57.24630331  66.02043279  75.43504657  85.25438214  95.234186
 105.12137754 114.65640303 123.57978817 131.64320542 138.62400715
 144.3409973  148.66854212 151.54614949 152.98139515 153.04537869
 151.86144416 149.5893221  146.4077912  142.49918186 138.03848889
 133.1886563  128.10203577 122.92648172 117.81340736 112.92466479
 108.43544028 104.53138783 101.39970334  99.21539972  98.125295
  98.23286453  99.58698108]
hr= [1.486e+01 4.240e+00 9.000e-01 3.000e-01 1.160e+00 5.300e-01 6.200e-01
 3.500e+00 6.700e-01 1.692e+01 2.100e-01 7.800e-01 2.500e-01 4.100e-01
 6.410e+00 6.000e-02 1.975e+01 3.400e-01 3.100e-01 2.100e-01 1.100e+00
 2.100e-01 5.500e-01 2.000e-02 3.600e-01 1.210e+00 1.480e+00 8.950e+00
 1.610e+00 3.700e-01 4.475e+01 1.200e-01 3.900e-01 1.210e+00 1.190e+00
 1.951e+01 1.200e-01 5.290e+00 4.000e-02 2.800e-01 1.000e-01 2.600e-01
 7.400e-01 1.500e-01 2.800e-01 1.500e-01 2.300e-01 4.700e-01 8.000e-02
 4.300e-01 1.400e-01 9.000e-02 7.000e-02 1.400e-01 2.700e-01 5.000e-02
 2.600e-01 9.000e-02 7.000e-02 5.000e-02]
vl= [ 83.6453366  167.2906723   91.3249117  291.7753893   87.58147595
  66.84174353 318.83165313 158.16665523  50.15656483 249.49156693
 231.0399464   92.64375992 317.73804078  14.8793097  175.5246634
 169.17       158.73223018 323.4606903  330.1060089  356.40804588
 248.39795548  88.84843307 244.65451973  47.65822305  23.46430971
 223.9147873  115.9046969  315.239699   207.2296086   65.01623123
  46.5646107  205.17339209  65.8996128  337.54468812 177.6946463
 338.34       318.9853537  136.94878138  67.43396071  47.13018475
 270.1153893  296.05617763 249.84691606 223.2047496  205.29683998
 137.07223018   1.80430971  93.12922141 293.579699    24.9046107
 183.51339209 316.68       115.28878138  48.36891951 139.69383121
 340.14430971  71.46922141 230.07800279   3.2446107  161.85339209]
ags= [4.10686000e-02 8.21373000e-02 5.44374700e-01 1.01589580e+00
 1.09803310e+00 1.28542862e+01 1.29271398e+01 1.33986609e+01
 1.34715145e+01 1.39430356e+01 1.40251729e+01 1.44920521e+01
 1.45695476e+01 1.49178647e+01 1.49589314e+01 1.50000000e+01
 1.50410686e+01 1.50821353e+01 1.51232059e+01 1.55125897e+01
 1.55854433e+01 1.60569644e+01 1.61391017e+01 2.73416964e+01
 2.74238337e+01 2.78953548e+01 2.79682084e+01 2.84397295e+01
 2.85125831e+01 2.89019669e+01 2.89841042e+01 2.90662415e+01
 2.94556253e+01 2.95284789e+01 2.99589333e+01 3.00000000e+01
 3.00410667e+01 3.00821373e+01 3.05443747e+01 3.06265120e+01
 3.10158958e+01 4.29271398e+01 4.34761563e+01 4.39430356e+01
 4.40251729e+01 4.50410686e+01 5.74238337e+01 5.79682084e+01
 5.84397295e+01 5.89841042e+01 5.90662415e+01 6.00000000e+01
 6.00821373e+01 8.64079380e+01 8.69523127e+01 8.74238337e+01
 8.79682084e+01 8.80503457e+01 8.89841042e+01 8.90662415e+01]
pl= [130.2  315.41  25.56 352.55 358.66 176.04 178.09 185.1  190.41 199.33
 219.37 208.53 212.13 223.43 218.4  250.62 221.2  218.63 202.32 234.18
 238.01 282.65 255.02 305.51 170.27 174.6  179.72 186.19 186.69 316.97
 193.28  34.17 189.33 196.34 214.14 216.35 218.88 211.26  48.36  39.78
  80.43 312.65 201.54 299.01 288.52 313.31 307.45 309.7  301.6  312.98
 323.13 351.   326.33 205.5  219.03 256.12 259.93 259.58 299.07 305.28]
level= 107.0
2023-06-16 00:00:00    96.778502
2023-06-16 00:01:00    96.878935
2023-06-16 00:02:00    96.982366
2023-06-16 00:03:00    97.088788
2023-06-16 00:04:00    97.198192
Freq: T, dtype: float64
満潮= [153.17931261] DatetimeIndex(['2023-06-16 18:51:00'], dtype='datetime64[ns]', freq=None)
干潮= [29.85359933] DatetimeIndex(['2023-06-16 12:22:00'], dtype='datetime64[ns]', freq=None)
