2018-01-02 5 -1
2018-01-03  5  24850   +268.7    -31.1
2018-01-04  5  24964   +276.5    -17.5
Buy  25114 297.10556135190564 -42.23806127786355
2018-01-05  5  25114   +297.1     +6.4
2018-01-08  5  25308   +308.8    +19.3
2018-01-09  5  25312   +322.7    +31.7
2018-01-10  5  25348   +328.6    +34.5
2018-01-11  5  25398   +345.8    +46.2
2018-01-12  5  25638   +373.6    +63.4
2018-01-16  5  25987   +390.3    +66.7
2018-01-17  5  25910   +424.7    +83.8
2018-01-18  5  26149   +439.0    +80.0
2018-01-19  5  25987   +449.5    +73.6
2018-01-22  5  26025   +464.0    +70.9
2018-01-23  5  26214   +469.8    +60.3
2018-01-24  5  26282   +472.2    +46.8
2018-01-25  5  26313   +480.0    +39.6
2018-01-26  5  26466   +498.5    +44.3
2018-01-29  5  26584   +493.1    +27.5
Sell 26198 454.397501019419 774.0191998624807
2018-01-30  5  26198   +454.4    -14.5
2018-01-31  5  26268   +424.7    -42.7
2018-02-01  5  26083   +399.5    -62.3
2018-02-02  4  26061   +322.1   -123.9
2018-02-05  3  25337   +164.1   -248.0
2018-02-06  4  24085    +83.6   -285.3
2018-02-07  4  24892    +18.1   -299.5
2018-02-08  3  24902   -115.9   -365.2
2018-02-09  3  23992   -193.1   -366.2
2018-02-12  4  24337   -218.7   -317.0
2018-02-13  4  24540   -233.2   -258.3
2018-02-14  4  24535   -221.6   -177.8
2018-02-15  4  25047   -185.6    -85.3
2018-02-16  4  25165   -153.7    -18.2
Buy  25124 -147.32164639612165 -2635.6411140350933
2018-02-20  4  25124   -147.3    +13.9
2018-02-21  4  24988   -153.9    +26.4
2018-02-22  4  24855   -144.2    +39.3
2018-02-23  4  25050   -107.3    +66.7
2018-02-26  5  25403    -45.2   +109.5
2018-02-27  5  25735    -20.0   +111.0
2018-02-28  4  25485    -30.3    +79.4
2018-03-01  3  25024    -71.6    +25.4
Sell 24394 -108.84591866810295 440.89042143839345
2018-03-02  3  24394   -108.8    -16.8
2018-03-05  4  24471   -109.9    -22.0
2018-03-06  4  24965   -108.7    -25.8
2018-03-07  3  24758   -113.1    -33.7
2018-03-08  3  24853   -107.8    -28.3
Buy  25004 -67.32597009925303 -95.1459877517308
2018-03-09  2  25004    -67.3    +14.6
2018-03-12  2  25372    -47.3    +37.7
2018-03-13  2  25257    -44.8    +41.8
2018-03-14  0  25086    -62.2    +23.4
2018-03-15  0  24837    -65.9    +14.9
2018-03-16  1  24877    -62.2    +13.3
Sell 24893 -85.42682253578823 118.46509423237268
2018-03-19  0  24893    -85.4    -12.5
2018-03-20  0  24650    -93.3    -22.6
2018-03-21  0  24723   -102.1    -32.0
2018-03-22  0  24526   -165.5    -84.5
2018-03-23  0  23995   -247.2   -144.0
2018-03-26  0  23825   -255.0   -128.5
2018-03-27  0  24276   -285.7   -134.4
2018-03-28  0  23883   -307.3   -129.1
2018-03-29  0  23949   -300.4    -95.7
2018-04-02  0  24076   -328.1    -96.5
2018-04-03  0  23698   -315.1    -58.8
2018-04-04  0  23654   -282.8     -6.5
Buy  24313 -235.1525587188553 -883.6088195514644
2018-04-05  0  24313   -235.2    +48.9
2018-04-06  0  24373   -240.8    +42.6
2018-04-09  0  24037   -238.7    +42.8
2018-04-10  0  24198   -200.2    +71.9
2018-04-11  0  24274   -185.2    +73.3
2018-04-12  1  24302   -147.9    +93.7
2018-04-13  0  24582   -126.7    +92.4
2018-04-16  1  24483    -91.8   +102.6
2018-04-17  1  24681    -46.3   +121.8
2018-04-18  1  24820    -13.2   +130.2
2018-04-19  1  24711     +6.2   +122.2
2018-04-20  1  24657     +5.3    +94.1
2018-04-23  1  24488     +3.3    +69.6
2018-04-24  0  24579    -32.1    +17.1
Sell 24070 -54.7257315772149 1058.5363916568647
2018-04-25  0  24070    -54.7    -15.8
2018-04-26  1  24128    -52.8    -22.1
2018-04-27  1  24342    -51.6    -25.4
2018-04-30  0  24410    -61.9    -33.9
2018-05-01  0  24117    -74.3    -39.6
2018-05-02  0  24097    -97.1    -50.9
2018-05-03  0  23836   -113.4    -54.0
2018-05-04  0  23865    -98.4    -27.7
2018-05-07  1  24317    -78.0     -2.2
Buy  24341 -60.86988904923055 -240.25870285959132
2018-05-08  1  24341    -60.9    +15.6
2018-05-09  1  24399    -32.2    +42.0
2018-05-10  2  24591     +6.3    +74.1
2018-05-11  2  24758    +43.8    +99.8
2018-05-14  2  24879    +78.0   +117.1
2018-05-15  2  24809    +88.6   +107.1
2018-05-16  2  24722   +100.9    +95.5
2018-05-17  2  24752   +104.9    +77.0
2018-05-18  2  24707   +107.0    +58.5
2018-05-21  2  24883   +131.2    +61.4
2018-05-22  2  25047   +134.4    +46.1
2018-05-23  2  24757   +139.5    +36.4
2018-05-24  2  24877   +136.0    +22.6
2018-05-25  2  24781   +127.0     +8.2
Sell 24606 87.25812567540197 814.2790071579989
2018-05-29  0  24606    +87.3    -31.4
2018-05-30  2  24467    +79.6    -36.8
2018-05-31  0  24620    +52.5    -58.0
2018-06-01  2  24542    +48.2    -55.7
2018-06-04  2  24727    +58.6    -37.3
2018-06-05  5  24820    +64.9    -23.3
Buy  24854 96.77600491312478 -197.70162284294443
2018-06-06  5  24854    +96.8    +13.3
2018-06-07  5  25192   +128.2    +45.6
2018-06-08  5  25209   +157.4    +71.4
2018-06-11  5  25336   +178.9    +82.8
2018-06-12  5  25346   +193.6    +84.8
2018-06-13  5  25328   +193.4    +68.9
2018-06-14  5  25254   +188.9    +48.8
2018-06-15  5  25116   +176.5    +23.3
Sell 24944 156.54740984012096 418.9209280563849
2018-06-18  5  24944   +156.5     -6.8
2018-06-19  4  24763   +116.2    -49.3
2018-06-20  4  24771    +79.9    -80.2
2018-06-21  3  24639    +34.9   -111.6
2018-06-22  4  24526     +8.8   -118.9
2018-06-25  3  24463    -38.0   -139.9
2018-06-26  3  24281    -71.8   -144.2
2018-06-27  3  24303   -110.6   -149.8
2018-06-28  3  24064   -131.9   -136.8
2018-06-29  3  24323   -142.7   -114.4
2018-07-02  3  24161   -146.7    -89.1
2018-07-03  3  24359   -158.7    -74.6
2018-07-05  3  24285   -151.8    -47.0
2018-07-06  3  24352   -136.7    -15.7
Buy  24519 -97.74308573194868 -1241.5886413455223
2018-07-09  5  24519    -97.7    +29.9
2018-07-10  5  24806    -54.7    +71.0
2018-07-11  4  24789    -37.9    +79.8
2018-07-12  5  24802     -6.3    +97.4
2018-07-13  5  24926    +26.0   +110.9
2018-07-16  5  25025    +54.6   +117.2
2018-07-17  5  25033    +80.8   +116.8
2018-07-18  5  25133   +106.8   +114.0
2018-07-19  5  25139   +115.1    +94.4
2018-07-20  5  25041   +119.9    +75.0
2018-07-23  5  25036   +121.1    +56.7
2018-07-24  5  25092   +136.5    +52.7
2018-07-25  5  25183   +160.7    +58.3
2018-07-26  5  25468   +186.8    +66.6
2018-07-27  5  25520   +199.1    +62.8
2018-07-30  5  25439   +195.0    +46.0
2018-07-31  5  25345   +198.2    +39.0
2018-08-01  5  25461   +191.9    +24.2
2018-08-02  5  25256   +184.2     +9.4
2018-08-03  5  25360   +187.0     +4.8
2018-08-06  5  25437   +190.1     +2.0
2018-08-07  5  25551   +200.6     +8.0
2018-08-08  5  25615   +202.9     +8.5
2018-08-09  5  25589   +196.4     +2.4
Sell 25401 173.45177079723726 1299.612487343845
2018-08-10  5  25401   +173.5    -18.2
2018-08-13  4  25327   +143.5    -42.1
2018-08-14  5  25215   +127.3    -51.0
2018-08-15  4  25235   +102.3    -67.0
2018-08-16  5  25294   +113.1    -48.0
2018-08-17  5  25550   +129.1    -25.2
2018-08-20  5  25727   +147.2     -1.1
Buy  25786 164.89300590376297 -213.69339191259294
2018-08-21  5  25786   +164.9    +20.8
2018-08-22  5  25825   +169.8    +28.6
2018-08-23  5  25714   +165.5    +25.2
2018-08-24  5  25688   +171.0    +27.6
2018-08-27  5  25882   +194.0    +43.2
2018-08-28  5  26092   +210.9    +48.1
2018-08-29  5  26082   +226.6    +51.2
2018-08-30  5  26099   +225.4    +39.2
2018-08-31  5  25964   +220.1    +25.8
2018-09-04  5  25916   +212.4    +12.9
2018-09-05  5  25919   +205.8     +2.3
Sell 25973 199.9182949538481 296.77561969065164
2018-09-06  5  25973   +199.9     -7.4
2018-09-07  5  25951   +186.7    -22.4
2018-09-10  5  25991   +169.5    -36.9
2018-09-11  5  25841   +163.2    -37.9
2018-09-12  5  25989   +158.6    -34.9
2018-09-13  5  26083   +164.9    -21.9
2018-09-14  5  26169   +168.7    -12.4
2018-09-17  5  26151   +162.3    -13.2
2018-09-18  5  26076   +170.2     -1.3
Buy  26287 187.16577289229463 -163.84154122931878
2018-09-19  5  26287   +187.2    +17.0
2018-09-20  5  26519   +218.3    +44.7
2018-09-21  5  26726   +247.2    +64.9
2018-09-24  5  26705   +252.5    +60.3
2018-09-25  5  26601   +248.2    +46.0
2018-09-26  5  26536   +233.5    +23.7
2018-09-27  5  26418   +223.6     +7.7
Sell 26407 214.8345373982156 240.4047840851785
2018-09-28  5  26407   +214.8     -6.9
2018-10-01  5  26598   +220.9     -6.5
Buy  26648 232.90500562202212 -5.98766966836331
2018-10-02  5  26648   +232.9     +0.5
2018-10-03  5  26833   +244.0     +8.7
2018-10-04  5  26784   +233.9     +0.1
Sell 26632 208.9227765255382 -11.229826895215297
2018-10-05  5  26632   +208.9    -20.0
2018-10-08  5  26399   +190.1    -32.4
2018-10-09  5  26469   +168.8    -46.6
2018-10-10  3  26441    +83.8   -116.0
2018-10-11  3  25518    -27.4   -200.2
2018-10-12  3  25407    -91.2   -229.4
2018-10-15  3  25332   -147.3   -243.3
2018-10-16  4  25351   -145.9   -198.5
2018-10-17  4  25705   -150.4   -160.4
2018-10-18  3  25645   -178.4   -145.3
2018-10-19  3  25421   -193.1   -117.4
2018-10-22  3  25492   -212.5    -94.5
2018-10-23  3  25038   -235.3    -81.9
2018-10-24  3  25172   -299.1   -115.4
2018-10-25  3  24736   -313.6   -105.2
2018-10-26  3  24770   -345.0   -114.7
2018-10-29  3  24818   -385.3   -128.3
2018-10-30  0  24482   -378.0    -95.8
2018-10-31  0  25008   -348.8    -47.6
Buy  25142 -300.74132969162383 -2260.238565120564
2018-11-01  0  25142   -300.7    +12.4
2018-11-02  0  25443   -268.5    +50.9
2018-11-05  0  25261   -224.9    +93.3
2018-11-06  1  25452   -174.3   +130.0
2018-11-07  2  25788    -89.3   +190.2
2018-11-08  2  26139    -20.7   +222.7
2018-11-09  2  26149    +17.1   +215.8
2018-11-12  0  25959     -1.5   +155.4
2018-11-13  0  25321    -24.1    +96.7
2018-11-14  0  25388    -57.9    +35.9
2018-11-15  0  25061    -67.1     +4.3
Sell 25242 -63.66824494690809 1184.890251123385
2018-11-16  1  25242    -63.7    -10.2
2018-11-19  0  25392    -91.8    -47.5
2018-11-20  0  24618   -156.8   -105.0
2018-11-21  0  24541   -206.1   -133.7
2018-11-23  0  24336   -256.6   -153.7
2018-11-26  0  24364   -264.9   -132.8
2018-11-27  0  24557   -259.8   -101.5
2018-11-28  1  24832   -203.6    -29.1
Buy  25343 -159.3848847264926 -677.9535775635087
2018-11-29  1  25343   -159.4    +25.4
2018-11-30  1  25307   -107.0    +82.5
2018-12-03  2  25779    -41.8   +142.2
2018-12-04  0  25752    -54.0   +118.6
2018-12-06  0  24737    -69.3    +88.1
2018-12-07  0  24918   -125.0    +17.7
Sell 24360 -164.54524197145292 416.19034515043836
2018-12-10  0  24360   -164.5    -32.9
2018-12-11  0  24719   -197.9    -73.1
2018-12-12  0  24509   -209.2    -83.8
2018-12-13  0  24575   -210.1    -79.1
2018-12-14  0  24408   -248.0   -101.4
2018-12-17  0  23986   -315.4   -138.4
2018-12-18  0  23769   -358.0   -147.2
2018-12-19  0  23693   -415.4   -166.1
2018-12-20  0  23224   -492.6   -202.5
2018-12-21  0  22871   -580.6   -244.2
2018-12-24  0  22317   -695.0   -303.4
2018-12-26  0  21857   -690.0   -245.0
2018-12-27  0  22629   -657.5   -162.8
2018-12-28  0  23213   -630.6    -93.4
2018-12-31  0  23153   -581.3    -14.5
Buy  23058 -534.4436891891564 -2002.9365684190334
2019-01-02  0  23058   -534.4    +51.9
2019-01-03  0  23176   -544.3    +56.4
2019-01-04  0  22894   -486.3   +113.7
2019-01-07  0  23474   -427.4   +155.6
2019-01-08  1  23680   -356.0   +189.3
2019-01-09  1  23844   -288.7   +212.0
2019-01-10  1  23811   -222.9   +229.6
2019-01-11  1  23940   -169.2   +231.9
2019-01-14  1  23880   -132.2   +219.1
2019-01-15  1  23914    -89.2   +212.6
2019-01-16  1  24139    -43.2   +202.9
2019-01-17  1  24147     +6.3   +197.7
2019-01-18  1  24534    +71.9   +207.8
2019-01-22  1  24607    +98.3   +183.8
2019-01-23  1  24577   +131.6   +170.3
2019-01-24  1  24579   +154.4   +151.2
2019-01-25  2  24687   +185.1   +142.6
2019-01-28  1  24596   +190.4   +112.0
2019-01-29  2  24519   +196.6    +86.4
2019-01-30  2  24826   +233.8    +92.9
2019-01-31  2  24954   +259.1    +90.1
2019-02-01  2  25025   +281.1    +88.8
2019-02-04  2  25062   +309.2    +93.5
2019-02-05  2  25287   +341.3   +102.3
2019-02-06  2  25371   +360.9    +99.0
2019-02-07  2  25265   +354.6    +73.8
2019-02-08  2  25042   +340.5    +43.1
2019-02-11  5  25142   +321.4    +10.1
2019-02-12  5  25152   +332.5    +10.2
2019-02-13  5  25480   +346.7    +14.7
2019-02-14  5  25460   +345.7     +6.5
2019-02-15  5  25564   +376.3    +29.6
2019-02-19  5  25849   +396.6    +43.8
2019-02-20  5  25872   +413.1    +54.5
2019-02-21  5  25922   +413.0    +47.9
2019-02-22  5  25906   +422.7    +48.5
2019-02-25  5  26126   +430.2    +43.9
2019-02-26  5  26051   +428.6    +31.6
2019-02-27  5  25995   +416.5    +11.8
Sell 25984 396.863465233615 4097.81183051645
2019-02-28  5  25984   +396.9    -13.6
2019-03-01  5  26019   +385.7    -25.8
2019-03-04  5  26122   +356.1    -50.9
2019-03-05  5  25829   +327.8    -69.7
2019-03-06  5  25818   +291.3    -92.7
2019-03-07  4  25645   +243.4   -120.7
2019-03-08  4  25347   +201.2   -137.4
2019-03-11  4  25208   +181.9   -129.3
2019-03-12  4  25600   +157.1   -125.3
2019-03-13  5  25637   +147.6   -107.1
2019-03-14  5  25692   +139.1    -88.2
2019-03-15  5  25720   +141.9    -61.6
2019-03-18  5  25801   +147.7    -35.8
2019-03-19  5  25987   +148.4    -19.2
2019-03-20  4  25867   +136.0    -19.7
2019-03-21  5  25688   +142.0     -7.1
2019-03-22  4  25844   +108.4    -32.5
2019-03-25  4  25490    +82.0    -50.6
2019-03-26  4  25649    +71.6    -52.5
2019-03-27  4  25676    +60.0    -55.3
2019-03-28  4  25693    +57.7    -48.3
2019-03-29  5  25827    +72.0    -25.6
Buy  26075 108.69435106534002 -1339.4933447291037
2019-04-01  5  26075   +108.7    +15.6
2019-04-02  5  26213   +129.9    +37.4
2019-04-03  5  26238   +148.1    +55.0
2019-04-04  5  26213   +174.0    +73.6
2019-04-05  5  26427   +195.5    +82.5
2019-04-08  5  26312   +203.5    +75.7
2019-04-09  5  26243   +192.2    +49.8
2019-04-10  5  26173   +181.6    +25.5
2019-04-11  5  26188   +170.2     +3.1
2019-04-12  5  26357   +180.8     +5.7
2019-04-15  5  26407   +184.8     +3.6
2019-04-16  5  26482   +191.3     +5.3
2019-04-17  5  26468   +193.9     +5.7
2019-04-18  5  26463   +202.6    +13.6
2019-04-22  5  26510   +203.1    +14.2
2019-04-23  5  26513   +212.9    +21.6
2019-04-24  5  26652   +213.4    +18.6
2019-04-25  5  26426   +200.5     +2.4
Sell 26454 194.67295575486787 488.2913645289039
2019-04-26  5  26454   +194.7     -5.0
2019-04-29  5  26559   +188.7    -11.4
2019-04-30  5  26594   +185.0    -14.4
2019-05-01  5  26639   +167.0    -29.4
2019-05-02  4  26407   +141.3    -48.4
2019-05-03  5  26379   +135.2    -46.9
2019-05-06  5  26160   +123.6    -48.6
2019-05-07  4  26276    +75.3    -81.5
2019-05-08  4  25933    +36.8   -101.8
2019-05-09  3  25878     -4.8   -121.3
2019-05-10  4  25763    -28.3   -120.7
2019-05-13  3  25568    -95.7   -156.8
2019-05-14  3  25384   -130.8   -158.9
2019-05-15  3  25400   -147.6   -143.6
2019-05-16  3  25692   -142.0   -107.1
2019-05-17  3  25719   -143.8    -79.2
2019-05-20  3  25655   -150.3    -60.7
2019-05-21  3  25782   -137.9    -28.9
2019-05-22  3  25818   -134.7    -11.2
2019-05-23  3  25657   -153.5    -16.1
2019-05-24  3  25551   -158.8    -14.4
2019-05-28  3  25616   -180.2    -30.3
2019-05-29  3  25231   -212.5    -55.5
2019-05-30  0  25139   -232.0    -64.9
2019-05-31  0  25046   -272.9    -91.5
2019-06-03  0  24830   -301.4   -103.2
2019-06-04  0  24962   -279.5    -65.6
2019-06-05  0  25451   -242.6    -16.7
Buy  25567 -196.4490515902908 -1794.6114475163567
2019-06-06  1  25567   -196.4    +34.3
2019-06-07  2  25768   -137.1    +91.2
2019-06-10  2  26090    -82.7   +134.8
2019-06-11  2  26180    -40.3   +158.0
2019-06-12  2  26040    -10.1   +163.6
2019-06-13  2  26036    +21.8   +162.7
2019-06-14  2  26076    +45.2   +147.6
2019-06-17  2  26108    +64.8   +129.0
2019-06-18  2  26228   +107.6   +132.9
2019-06-19  2  26490   +143.0   +130.5
2019-06-20  2  26665   +189.0   +140.3
2019-06-21  2  26749   +220.1   +137.8
2019-06-24  2  26727   +242.7   +128.9
2019-06-25  2  26731   +243.3   +101.3
2019-06-26  2  26599   +240.1    +73.9
2019-06-27  2  26523   +234.0    +46.8
2019-06-28  2  26605   +232.5    +26.6
2019-07-01  2  26805   +238.0    +17.7
2019-07-02  5  26719   +245.1    +13.4
2019-07-03  5  26832   +262.2    +22.4
2019-07-05  5  26867   +269.1    +23.9
2019-07-08  5  26835   +262.1    +14.8
2019-07-09  5  26725   +251.9     +3.6
Sell 26851 247.18561187577507 1999.7555517976298
2019-07-10  5  26851   +247.2     -1.9
Buy  26950 258.8252089433517 6.96078995534117
2019-07-11  5  26950   +258.8     +7.0
2019-07-12  5  27139   +284.5    +26.8
2019-07-15  5  27364   +303.5    +38.5
2019-07-16  5  27349   +313.0    +40.5
2019-07-17  5  27320   +307.7    +30.2
2019-07-18  5  27191   +300.3    +19.3
2019-07-19  5  27246   +285.5     +1.9
Sell 27174 272.16599853545995 143.59426040830215
2019-07-22  5  27174   +272.2    -13.7
2019-07-23  5  27231   +272.7    -16.0
2019-07-24  5  27262   +263.7    -25.5
2019-07-25  5  27247   +243.4    -41.3
2019-07-26  5  27166   +228.8    -47.6
2019-07-29  5  27192   +217.1    -48.7
2019-07-30  5  27145   +203.5    -50.6
2019-07-31  4  27244   +164.0    -75.0
2019-08-01  4  26879   +108.7   -110.6
2019-08-02  4  26528    +56.3   -139.0
2019-08-05  3  26259    -46.6   -206.4
2019-08-06  3  25810   -101.8   -221.0
2019-08-07  3  25814   -145.7   -221.7
2019-08-08  4  26086   -148.8   -182.9
2019-08-09  3  26337   -156.8   -149.3
2019-08-12  3  26169   -192.4   -141.0
2019-08-13  3  25888   -187.6    -97.1
2019-08-14  3  26035   -245.5   -115.7
2019-08-15  3  25514   -280.1   -112.9
2019-08-16  3  25678   -279.6    -86.5
2019-08-19  3  26020   -256.0    -45.8
2019-08-20  3  26086   -248.5    -26.8
Buy  26145 -220.6239918837928 -2152.1894041164737
2019-08-21  3  26145   -220.6     +9.1
2019-08-22  3  26271   -192.3    +41.3
2019-08-23  3  26134   -217.6    +18.8
2019-08-26  3  25826   -213.5    +25.8
2019-08-27  3  26014   -217.5    +18.7
2019-08-28  0  25712   -197.5    +29.5
2019-08-29  2  26249   -153.6    +59.5
2019-08-30  2  26476   -114.1    +83.1
2019-09-03  0  26198   -104.7    +76.6
2019-09-04  2  26301    -77.2    +88.2
2019-09-05  2  26603    -25.0   +121.7
2019-09-06  2  26790    +21.7   +141.8
2019-09-09  2  26866    +61.1   +150.7
2019-09-10  2  26805    +97.1   +151.8
2019-09-11  2  26928   +142.4   +159.3
2019-09-12  2  27197   +179.9   +159.8
2019-09-13  2  27216   +210.2   +154.0
2019-09-16  2  27146   +220.1   +127.9
2019-09-17  2  27010   +228.1   +101.9
2019-09-18  2  27075   +234.7    +79.6
2019-09-19  2  27186   +233.0    +54.4
2019-09-20  2  27102   +216.2    +20.5
Sell 26851 201.83649783590224 1859.5257492258393
2019-09-23  2  26851   +201.8     -5.5
2019-09-24  2  27034   +176.9    -34.3
2019-09-25  5  26866   +168.4    -41.6
2019-09-26  5  27004   +153.4    -50.2
2019-09-27  5  26987   +134.3    -59.8
2019-09-30  5  26852   +125.5    -57.2
2019-10-01  3  26962    +89.7    -76.8
2019-10-02  3  26425    +21.3   -121.8
2019-10-03  3  26039    -22.9   -139.4
2019-10-04  3  26271    -27.4   -118.5
2019-10-07  3  26502    -38.4   -105.5
2019-10-08  3  26276    -71.5   -112.0
2019-10-09  3  26308    -82.2    -96.4
2019-10-10  3  26317    -77.6    -68.3
2019-10-11  5  26694    -47.5    -19.0
Buy  26766 -25.80504957002995 -1085.1795512798872
2019-10-14  4  26766    -25.8    +15.5
2019-10-15  5  26811    +10.5    +53.0
2019-10-16  5  26972    +36.9    +72.8
2019-10-17  5  27032    +59.1    +85.4
2019-10-18  5  27004    +55.5    +71.3
2019-10-21  5  26852    +56.6    +58.2
2019-10-22  5  26850    +53.6    +40.1
2019-10-23  5  26835    +54.4    +26.2
2019-10-24  5  26893    +52.0    +12.8
2019-10-25  5  26789    +61.8    +12.9
2019-10-28  5  27040    +79.3    +22.7
2019-10-29  5  27061    +90.6    +28.1
2019-10-30  5  27110   +107.6    +39.7
2019-10-31  5  27188   +108.5    +34.7
2019-11-01  5  27142   +132.0    +49.8
2019-11-04  5  27402   +158.1    +64.2
2019-11-05  5  27500   +179.1    +71.4
2019-11-06  5  27502   +193.5    +70.1
2019-11-07  5  27590   +217.2    +76.5
2019-11-08  5  27686   +233.8    +75.9
2019-11-11  5  27580   +244.9    +69.9
2019-11-12  5  27701   +250.8    +59.9
2019-11-13  5  27622   +259.9    +52.2
2019-11-14  5  27757   +264.0    +41.6
2019-11-15  5  27843   +282.0    +45.8
2019-11-18  5  27993   +295.3    +46.3
2019-11-19  5  28079   +294.3    +34.0
2019-11-20  5  27879   +281.1    +13.7
Sell 27820 263.1811340471104 1322.2474549972044
2019-11-21  5  27820   +263.2     -7.4
2019-11-22  5  27831   +254.9    -16.8
2019-11-25  5  27917   +260.7    -12.1
2019-11-26  5  28080   +266.7     -6.9
2019-11-27  5  28156   +271.7     -2.7
2019-11-29  5  28103   +263.6     -8.8
2019-12-02  5  28109   +232.8    -32.7
2019-12-03  4  27501   +183.6    -69.5
2019-12-04  4  27634   +154.8    -84.3
2019-12-05  4  27736   +132.6    -92.0
2019-12-06  5  27839   +140.7    -71.2
2019-12-09  5  27987   +137.0    -61.2
2019-12-10  5  27900   +130.3    -52.7
2019-12-11  5  27867   +125.9    -40.9
2019-12-12  5  27898   +138.7    -14.3
Buy  28123 147.34004458592244 -562.1955216349501
2019-12-13  5  28123   +147.3     +3.9
2019-12-16  5  28191   +160.5    +19.6
2019-12-17  5  28221   +171.4    +28.7
2019-12-18  5  28291   +175.8    +28.3
2019-12-19  5  28278   +188.3    +35.5
2019-12-20  5  28608   +202.1    +42.1
2019-12-23  5  28491   +218.3    +48.5
2019-12-24  5  28572   +225.7    +44.8
2019-12-26  5  28539   +237.3    +45.4
2019-12-27  5  28675   +245.6    +42.8
2019-12-30  5  28654   +234.7    +23.7
2019-12-31  5  28414   +229.6    +12.1
2020-01-02  5  28638   +249.3    +23.7
2020-01-03  5  28553   +243.3    +11.5
2020-01-06  5  28465   +241.2     +5.1
Sell 28639 227.32826369500253 402.0420651707816
2020-01-07  5  28639   +227.3     -9.8
2020-01-08  5  28556   +226.7    -10.5
Buy  28851 240.56003908065395 -7.552560312692037
2020-01-09  5  28851   +240.6     +3.0
2020-01-10  5  28977   +238.0     +1.3
2020-01-13  5  28869   +240.0     +2.7
2020-01-14  5  28895   +241.4     +2.7
2020-01-15  5  28901   +247.0     +8.6
2020-01-16  5  29131   +269.8    +28.5
2020-01-17  5  29313   +288.7    +42.1
2020-01-21  5  29269   +288.1    +34.7
2020-01-22  5  29263   +283.5    +23.9
2020-01-23  5  29111   +274.6    +11.2
Sell 29230 250.96368532700217 141.67260970763934
2020-01-24  5  29230   +251.0    -13.9
2020-01-27  4  28542   +193.3    -66.4
2020-01-28  4  28594   +160.9    -89.9
2020-01-29  4  28820   +134.6   -103.7
2020-01-30  5  28640   +122.4    -99.5
2020-01-31  4  28813    +63.3   -133.5
2020-02-03  4  28319    +27.8   -140.2
2020-02-04  4  28696    +32.2   -107.8
2020-02-05  5  29048    +73.8    -43.9
Buy  29388 112.62919132170646 -774.6259534244207
2020-02-06  5  29388   +112.6    +10.3
2020-02-07  5  29286   +119.7    +25.5
2020-02-10  5  28995   +137.7    +46.2
2020-02-11  5  29390   +150.3    +57.0
2020-02-12  5  29406   +180.3    +80.6
2020-02-13  5  29436   +191.6    +77.6
2020-02-14  5  29440   +196.2    +63.5
2020-02-18  5  29282   +184.4    +34.8
2020-02-19  5  29312   +182.3    +20.6
2020-02-20  5  29296   +168.3     +0.4
Sell 29146 137.2757581131482 373.571863234729
2020-02-21  4  29146   +137.3    -32.5
2020-02-24  3  28402    +29.1   -128.6
2020-02-25  3  28037   -126.1   -253.1
2020-02-26  3  27159   -256.2   -334.7
2020-02-27  3  26526   -450.1   -457.4
2020-02-28  3  25270   -625.5   -541.4
2020-03-02  3  25590   -652.5   -475.5
2020-03-03  0  26762   -728.9   -450.7
2020-03-04  0  26383   -686.9   -313.6
2020-03-05  0  26671   -723.5   -254.5
2020-03-06  0  25457   -764.4   -207.3
2020-03-09  0  24992   -948.3   -299.9
2020-03-10  0  24453   -988.6   -258.7
2020-03-11  0  24604  -1125.7   -320.7
2020-03-12  0  22184  -1407.9   -516.1
2020-03-13  0  21973  -1454.7   -473.7
2020-03-16  0  20917  -1713.8   -623.4
2020-03-17  0  20487  -1813.6   -598.0
2020-03-18  0  20188  -1978.0   -623.0
2020-03-19  0  19830  -2069.1   -569.2
2020-03-20  0  20253  -2189.8   -551.9
2020-03-23  0  19028  -2305.9   -521.6
2020-03-24  0  19722  -2202.0   -298.1
2020-03-25  0  21050  -2055.9    -80.0
Buy  21468 -1810.245990960084 -8945.91576075035
2020-03-26  0  21468  -1810.2   +205.1
2020-03-27  0  21898  -1670.2   +340.4
2020-03-30  0  21678  -1486.3   +487.9
2020-03-31  0  22208  -1358.0   +547.3
2020-04-01  0  21227  -1319.7   +502.3
2020-04-02  0  20819  -1237.1   +479.0
2020-04-03  0  21285  -1187.2   +404.7
2020-04-06  1  21693  -1004.7   +454.1
2020-04-07  1  23537   -852.3   +472.8
2020-04-08  1  22893   -661.0   +536.4
2020-04-09  1  23690   -480.8   +584.4
2020-04-13  1  23698   -360.4   +579.7
2020-04-14  1  23690   -217.3   +596.1
2020-04-15  1  23600   -138.3   +543.8
2020-04-16  1  23543    -72.1   +480.5
2020-04-17  1  23817    +36.7   +453.4
2020-04-20  1  24095    +74.4   +371.2
2020-04-21  1  23365    +52.7   +248.9
2020-04-22  1  23437    +71.5   +186.3
2020-04-23  1  23543    +88.6   +140.2
2020-04-24  1  23628   +121.7   +119.7
2020-04-27  1  23866   +174.9   +129.3
2020-04-28  1  24357   +211.9   +127.5
2020-04-29  1  24490   +281.0   +157.3
2020-04-30  1  24585   +309.0   +155.0
2020-05-01  1  24120   +277.8   +101.2
2020-05-04  1  23581   +252.2    +53.5
2020-05-05  1  23958   +239.9    +22.5
Sell 23978 210.15255417954177 9254.602756405382
2020-05-06  1  23978   +210.2    -20.8
2020-05-07  1  23837   +201.3    -38.5
2020-05-08  1  24107   +228.4    -17.4
2020-05-11  1  24256   +238.3    -10.4
2020-05-12  0  24292   +206.8    -33.6
2020-05-13  0  23702   +138.6    -82.9
2020-05-14  0  23049   +113.7    -89.6
2020-05-15  0  23454    +97.7    -88.4
2020-05-18  2  24059   +156.8    -20.1
2020-05-19  1  24577   +170.1     -2.3
Buy  24455 208.0769155538328 -348.1331261478457
2020-05-20  2  24455   +208.1    +34.9
2020-05-21  2  24564   +227.3    +54.3
2020-05-22  2  24461   +239.1    +66.0
2020-05-26  2  24781   +287.9   +105.7
2020-05-27  2  25298   +366.9   +159.4
2020-05-28  2  25697   +412.9   +172.2
2020-05-29  5  25324   +442.8   +163.7
2020-06-01  5  25342   +468.6   +154.8
2020-06-02  5  25582   +504.7   +153.8
2020-06-03  5  25906   +569.4   +178.3
2020-06-04  5  26226   +614.5   +180.4
2020-06-05  5  26836   +709.0   +222.7
2020-06-08  5  27232   +811.7   +267.2
2020-06-09  5  27447   +859.1   +259.9
2020-06-10  5  27251   +863.8   +214.5
2020-06-11  4  26282   +709.2    +30.3
Sell 25659 618.022903910125 2305.7405615946695
2020-06-12  5  25659   +618.0    -77.5
2020-06-15  5  25270   +552.1   -148.6
2020-06-16  5  26326   +536.2   -160.8
2020-06-17  5  26330   +504.1   -180.7
2020-06-18  5  26016   +470.0   -188.2
2020-06-19  5  26213   +421.3   -193.6
2020-06-22  5  25865   +390.6   -172.2
2020-06-23  5  26159   +372.5   -135.7
2020-06-24  4  25992   +297.5   -165.0
2020-06-25  4  25365   +259.2   -163.4
2020-06-26  4  25641   +168.0   -211.9
2020-06-29  4  25152   +141.0   -195.1
2020-06-30  4  25512   +135.5   -159.6
2020-07-01  4  25879   +123.4   -133.2
2020-07-02  4  25936   +119.9   -103.2
2020-07-06  5  25996   +152.5    -44.1
2020-07-07  4  26172   +144.6    -26.7
2020-07-08  4  25950   +150.9     -4.1
2020-07-09  4  26094   +125.3    -14.8
2020-07-10  5  25690   +133.3     -3.0
Buy  26225 138.8699213033724 -2401.00311675385
2020-07-13  5  26225   +138.9     +2.8
2020-07-14  5  26044   +186.1    +44.4
2020-07-15  5  27009   +239.1    +84.6
2020-07-16  5  26746   +267.1    +96.2
2020-07-17  5  26774   +281.0    +95.8
2020-07-20  5  26660   +289.4    +88.1
2020-07-21  5  26833   +305.4    +87.0
2020-07-22  5  26824   +327.6    +86.8
2020-07-23  5  26955   +313.1    +52.3
2020-07-24  5  26533   +283.6     +6.7
Sell 26447 266.4712627535846 622.511898836631
2020-07-27  5  26447   +266.5    -19.4
2020-07-28  5  26529   +233.6    -51.6
2020-07-29  5  26388   +218.0    -61.8
2020-07-30  5  26367   +185.2    -83.9
2020-07-31  5  26409   +166.6    -88.9
2020-08-03  5  26542   +168.9    -71.4
2020-08-04  5  26664   +181.9    -42.2
Buy  26924 219.78798220233148 -393.99304994122906
2020-08-05  5  26924   +219.8     +6.0
2020-08-06  5  27170   +261.7    +50.4
2020-08-07  5  27321   +295.3    +80.8
2020-08-10  5  27488   +346.9   +119.7
2020-08-11  5  27961   +374.9   +130.3
2020-08-12  5  27860   +415.8   +145.6
2020-08-13  5  27922   +436.7   +136.4
2020-08-14  5  27828   +450.8   +119.2
2020-08-17  5  27970   +449.8    +88.5
2020-08-18  5  27853   +438.6    +53.0
2020-08-19  5  27811   +418.0    +15.1
Sell 27622 400.9035076154687 925.258483389971
2020-08-20  5  27622   +400.9    -13.8
2020-08-21  5  27758   +398.1    -22.3
2020-08-24  5  28077   +421.5     -4.0
Buy  28347 430.3164816235476 -23.21038993358036
2020-08-25  5  28347   +430.3     +3.1
2020-08-26  5  28257   +438.9    +11.5
2020-08-27  5  28384   +453.5    +25.7
2020-08-28  5  28601   +472.6    +42.3
2020-08-31  5  28643   +464.4    +31.2
2020-09-01  5  28439   +469.8    +30.9
2020-09-02  5  28736   +505.0    +54.5
2020-09-03  5  29090   +462.4     +4.8
Sell 28341 410.9789500866027 155.4903074929635
2020-09-04  5  28341   +411.0    -45.4
2020-09-08  4  27925   +315.6   -128.1
2020-09-09  4  27711   +272.3   -152.8
2020-09-10  4  28022   +202.9   -194.4
2020-09-11  4  27613   +156.7   -205.5
2020-09-14  4  27718   +144.9   -181.9
2020-09-15  4  28139   +134.1   -155.3
2020-09-16  4  28031   +127.1   -120.3
2020-09-17  4  27834   +109.7    -98.5
2020-09-18  4  27864    +75.4    -95.6
2020-09-21  4  27484     +7.0   -129.7
2020-09-22  4  27170    -35.5   -138.0
2020-09-23  3  27413   -110.3   -178.0
2020-09-24  3  26716   -163.5   -195.6
2020-09-25  4  26694   -174.6   -171.2
2020-09-28  4  27362   -148.7   -113.9
2020-09-29  4  27560   -137.2    -73.0
2020-09-30  4  27514   -100.3    -12.8
Buy  27940 -67.47354009502669 -2308.6275414618676
2020-10-01  4  27940    -67.5    +35.9
2020-10-02  4  27536    -51.7    +58.2
2020-10-05  5  27825     -1.6   +104.6
2020-10-06  5  28214     +7.7   +100.8
2020-10-07  5  27971    +57.3   +125.8
2020-10-08  5  28348   +105.2   +142.6
2020-10-09  5  28533   +154.4   +158.1
2020-10-12  5  28671   +211.1   +176.2
2020-10-13  5  28764   +240.6   +167.8
2020-10-14  5  28731   +247.8   +139.9
2020-10-15  5  28323   +249.0   +107.7
2020-10-16  5  28570   +256.0    +86.1
2020-10-19  5  28633   +225.8    +31.7
Sell 28245 208.6563913745449 1397.1028708609342
2020-10-20  5  28245   +208.7     -2.3
2020-10-21  5  28270   +185.0    -34.8
2020-10-22  5  28197   +176.6    -45.7
2020-10-23  5  28409   +165.7    -51.5
2020-10-26  4  28185   +103.4    -98.6
2020-10-27  3  27651    +35.7   -142.7
2020-10-28  3  27102    -93.0   -233.4
2020-10-29  3  26480   -181.6   -273.4
2020-10-30  3  26572   -261.6   -299.2
2020-11-02  3  26691   -287.5   -270.0
2020-11-03  3  27138   -260.2   -193.3
2020-11-04  4  27512   -206.5    -97.0
Buy  28083 -118.86985639010165 -1717.4612530750817
2020-11-05  5  28083   -118.9    +22.2
2020-11-06  5  28399    -54.2   +104.5
2020-11-09  5  29467    +63.7   +219.3
2020-11-10  5  29254   +176.4   +301.9
2020-11-11  5  29524   +260.7   +337.2
2020-11-12  5  29231   +298.5   +312.7
2020-11-13  5  29203   +356.6   +299.3
2020-11-16  5  29672   +435.6   +300.9
2020-11-17  5  29800   +479.2   +268.3
2020-11-18  5  29875   +480.4   +202.9
2020-11-19  5  29370   +479.4   +142.7
2020-11-20  5  29437   +455.7    +75.4
2020-11-23  5  29332   +458.0    +46.4
2020-11-24  5  29746   +490.9    +53.8
2020-11-25  5  30058   +497.2    +38.0
2020-11-27  5  29911   +499.6    +24.4
Sell 29854 473.99865175957166 2722.400199874057
2020-11-30  5  29854   +474.0     -5.4
2020-12-01  5  29797   +463.4    -14.3
2020-12-02  5  29695   +454.5    -20.2
2020-12-03  5  29920   +449.2    -22.1
2020-12-04  5  29989   +459.8    -12.0
2020-12-07  5  30233   +451.1    -20.0
2020-12-08  5  29997   +447.3    -18.9
2020-12-09  5  30229   +430.9    -27.9
2020-12-10  5  30032   +407.6    -41.0
2020-12-11  5  29988   +388.5    -50.7
2020-12-14  5  30123   +354.3    -72.7
2020-12-15  5  29919   +350.5    -65.0
2020-12-16  5  30191   +339.9    -63.5
2020-12-17  5  30216   +339.6    -50.4
2020-12-18  5  30314   +325.5    -50.5
2020-12-21  5  30159   +313.8    -47.4
2020-12-22  5  30200   +285.0    -59.9
2020-12-23  5  30046   +268.4    -61.1
2020-12-24  5  30155   +257.8    -57.2
2020-12-28  5  30283   +262.9    -41.9
2020-12-29  5  30492   +258.5    -36.1
2020-12-30  5  30415   +257.9    -27.6
2020-12-31  5  30417   +270.3     -7.5
2021-01-04  5  30627   +246.3    -22.7
2021-01-05  5  30204   +238.1    -22.4
Buy  30362 263.9508751433459 -907.3978495207601
2021-01-06  5  30362   +264.0     +5.7
2021-01-07  5  30901   +298.0    +36.5
2021-01-08  5  31069   +325.9    +56.8
2021-01-11  5  31015   +336.9    +59.6
2021-01-12  5  31015   +346.4    +59.3
2021-01-13  5  31084   +349.3    +52.1
2021-01-14  5  31085   +342.1    +36.9
2021-01-15  5  30926   +318.4     +5.2
Sell 30887 305.4834851349078 291.08167406330784
2021-01-19  5  30887   +305.5    -15.2
2021-01-20  5  31017   +312.4    -13.7
2021-01-21  5  31198   +313.4    -14.5
2021-01-22  5  31141   +296.2    -28.3
2021-01-25  5  30989   +276.5    -41.3
2021-01-26  5  30968   +256.0    -51.8
2021-01-27  4  30893   +186.5   -103.2
2021-01-28  4  30377   +153.9   -114.9
2021-01-29  4  30553    +77.0   -164.9
2021-02-01  4  30054    +34.2   -177.6
2021-02-02  4  30276    +38.2   -143.1
2021-02-03  4  30689    +43.8   -107.5
2021-02-04  5  30737    +74.2    -52.5
2021-02-05  5  31093   +104.6     -3.0
Buy  31191 146.08056629310886 -965.5180211575114
2021-02-08  5  31191   +146.1    +50.7
2021-02-09  5  31359   +176.2    +81.9
2021-02-10  5  31428   +202.7   +103.0
2021-02-11  5  31466   +220.5   +104.9
2021-02-12  5  31420   +234.2    +96.4
2021-02-16  5  31472   +247.5    +86.4
2021-02-17  5  31485   +262.2    +76.8
2021-02-18  5  31558   +261.2    +55.1
2021-02-19  5  31504   +257.5    +34.4
2021-02-22  5  31381   +253.9    +18.8
2021-02-23  5  31501   +249.4     +6.2
2021-02-24  5  31499   +276.9    +25.4
Sell 31955 250.61243710890997 685.0457778495592
2021-02-25  5  31955   +250.6     -4.2
2021-02-26  4  31401   +189.7    -60.1
2021-03-01  5  31065   +188.0    -55.3
2021-03-02  5  31535   +172.9    -60.4
2021-03-03  5  31352   +149.5    -71.4
2021-03-04  4  31289   +101.9   -101.8
2021-03-05  5  31029   +109.0    -78.5
2021-03-08  5  31512   +137.8    -37.3
2021-03-09  5  31892   +161.2     -1.1
Buy  31906 214.736386815086 -409.5256389192509
2021-03-10  5  31906   +214.7    +56.4
2021-03-11  5  32354   +269.3   +102.1
2021-03-12  5  32462   +332.3   +149.1
2021-03-15  5  32798   +391.9   +184.3
2021-03-16  5  32966   +423.9   +185.9
2021-03-17  5  32825   +459.2   +181.5
2021-03-18  5  32928   +469.5   +151.7
2021-03-19  5  32858   +453.5   +100.7
2021-03-22  5  32601   +444.0    +59.8
2021-03-23  5  32691   +407.0     +1.4
Sell 32470 373.0477818238105 1072.4054341234666
2021-03-24  5  32470   +373.0    -44.1
2021-03-25  5  32346   +358.1    -61.9
2021-03-26  5  32681   +378.5    -40.0
2021-03-29  5  33087   +398.1    -17.6
2021-03-30  5  33127   +400.5     -8.6
2021-03-31  5  33116   +391.0     -9.4
2021-04-01  5  33054   +392.8     -0.8
Buy  33222 419.62334227399697 -109.6930526453487
2021-04-05  5  33222   +419.6    +28.7
2021-04-06  5  33500   +428.1    +34.8
2021-04-07  5  33444   +431.1    +31.4
2021-04-08  5  33469   +433.2    +25.1
2021-04-09  5  33526   +453.5    +37.1
2021-04-12  5  33775   +459.9    +36.6
2021-04-13  5  33721   +454.2    +24.9
2021-04-14  5  33668   +448.8    +13.2
2021-04-15  5  33788   +463.9    +20.3
2021-04-16  5  34058   +483.5    +32.8
2021-04-19  5  34182   +483.6    +26.7
Sell 34034 457.6431589324202 280.5684320678709
2021-04-20  5  34034   +457.6     -2.2
2021-04-21  5  33808   +457.3     -5.2
2021-04-22  5  34109   +426.2    -33.2
2021-04-23  5  33804   +415.2    -39.3
2021-04-26  5  34044   +396.8    -51.3
2021-04-27  5  33932   +378.2    -62.1
2021-04-28  5  33860   +346.2    -81.0
2021-04-29  5  33855   +336.3    -74.5
2021-04-30  5  33988   +309.9    -81.6
2021-05-03  5  33904   +304.7    -69.8
2021-05-04  5  34080   +298.8    -58.2
2021-05-05  5  34163   +298.5    -44.3
2021-05-06  5  34245   +320.2    -12.0
Buy  34578 351.8628335793983 -587.7440837325169
2021-05-07  5  34578   +351.9    +24.7
2021-05-10  5  34785   +369.9    +43.6
2021-05-11  5  34572   +342.0    +16.2
Sell 34206 261.8836099148466 4.208153387469395
2021-05-12  4  34206   +261.9    -55.6
2021-05-13  4  33624   +230.7    -78.0
2021-05-14  5  34050   +232.5    -68.2
2021-05-17  5  34375   +226.9    -65.8
2021-05-18  4  34351   +198.6    -83.0
2021-05-19  4  33945   +161.0   -102.9
2021-05-20  4  33906   +144.7    -96.2
2021-05-21  5  34121   +140.2    -75.2
2021-05-24  5  34253   +149.9    -44.1
2021-05-25  5  34428   +149.3    -32.2
2021-05-26  5  34336   +148.0    -24.4
2021-05-27  5  34432   +156.6     -7.4
Buy  34558 166.6508360113221 -667.9467916647102
2021-05-28  5  34558   +166.7     +9.4
2021-06-01  5  34584   +176.3    +21.6
2021-06-02  5  34614   +183.9    +26.6
2021-06-03  5  34550   +185.9    +24.0
2021-06-04  5  34618   +199.6    +31.1
2021-06-07  5  34766   +198.0    +24.2
2021-06-08  5  34645   +192.1    +13.5
Sell 34626 173.08622326418117 132.81088069723452
2021-06-09  5  34626   +173.1     -8.3
2021-06-10  5  34502   +157.7    -23.7
2021-06-11  5  34499   +145.0    -34.1
2021-06-14  5  34472   +126.5    -47.0
2021-06-15  4  34397   +103.0    -61.5
2021-06-16  4  34308    +62.3    -88.5
2021-06-17  4  34014    +12.9   -117.2
2021-06-18  3  33622    -68.5   -169.0
2021-06-21  4  33312    -84.7   -154.4
2021-06-22  4  33872    -90.9   -131.3
2021-06-23  4  33948   -100.5   -112.1
2021-06-24  4  33933    -81.1    -67.6
2021-06-25  5  34328    -46.0    -13.4
Buy  34428 -30.07027086015296 -1002.5696620875422
2021-06-28  4  34428    -30.1    +17.3
2021-06-29  4  34338    -16.5    +39.6
2021-06-30  5  34290    +11.1    +67.4
2021-07-01  5  34507    +43.0    +87.0
2021-07-02  5  34642    +79.7   +105.4
2021-07-06  5  34790    +90.9    +96.4
2021-07-07  5  34604   +107.0    +89.4
2021-07-08  5  34569    +97.6    +60.2
2021-07-09  5  34457   +124.9    +68.5
2021-07-12  5  34836   +155.0    +78.0
2021-07-13  5  34959   +168.2    +70.7
2021-07-14  5  34920   +180.1    +63.8
2021-07-15  5  34924   +191.7    +58.9
2021-07-16  5  35007   +174.8    +31.4
Sell 34528 101.60455911411556 873.9708227139361
2021-07-19  3  34528   +101.6    -42.9
2021-07-20  5  33981    +87.0    -55.3
2021-07-21  5  34556    +97.4    -44.9
2021-07-22  5  34799   +106.4    -33.8
2021-07-23  5  34855   +131.3     -6.3
Buy  35055 155.86105798198696 -120.81657152279675
2021-07-26  5  35055   +155.9    +19.6
2021-07-27  5  35078   +166.5    +31.8
2021-07-28  5  35109   +162.8    +31.3
2021-07-29  5  34985   +170.2    +39.2
2021-07-30  5  35013   +162.3    +24.5
2021-08-02  5  34968   +146.4     +2.1
2021-08-03  5  34864   +154.5     +3.8
Sell 35047 133.27149692228704 112.30382380135413
2021-08-04  4  35047   +133.3    -20.4
2021-08-05  5  34815   +136.8    -17.5
2021-08-06  5  35077   +149.5     -4.1
2021-08-09  5  35229   +149.2     -2.5
Buy  35135 160.28855264173762 -15.172391915357593
2021-08-10  5  35135   +160.3     +8.9
2021-08-11  5  35300   +184.7    +31.7
2021-08-12  5  35481   +202.9    +45.4
2021-08-13  5  35551   +216.1    +50.9
2021-08-16  5  35490   +232.8    +58.8
2021-08-17  5  35500   +220.7    +37.0
Sell 35310 178.16708375592862 213.7914746474505
2021-08-18  4  35310   +178.2    -10.1
2021-08-19  4  34874   +137.5    -49.4
2021-08-20  5  34917   +122.1    -61.8
2021-08-23  5  35160   +125.9    -54.2
2021-08-24  5  35382   +129.8    -44.2
2021-08-25  5  35388   +134.5    -31.9
2021-08-26  5  35449   +121.4    -34.5
2021-08-27  5  35231   +129.0    -15.3
2021-08-30  5  35471   +129.1     -5.1
2021-08-31  5  35391   +124.6     -3.7
2021-09-01  5  35387   +115.7    -10.1
2021-09-02  5  35353   +118.0     -7.4
2021-09-03  5  35401   +112.4    -11.4
2021-09-07  4  35373    +85.3    -33.6
2021-09-08  4  35087    +57.6    -52.7
2021-09-09  4  35013    +23.2    -76.3
2021-09-10  3  34949    -25.7   -108.0
2021-09-13  4  34665    -42.9   -106.0
2021-09-14  3  34906    -79.1   -119.7
2021-09-15  4  34580    -87.8   -105.6
2021-09-16  3  34810    -98.5    -92.4
2021-09-17  3  34737   -119.1    -87.2
2021-09-20  3  34459   -182.9   -121.2
2021-09-21  3  34025   -234.8   -140.6
2021-09-22  3  34006   -245.9   -121.8
2021-09-23  3  34296   -211.3    -66.6
2021-09-24  4  34762   -179.1    -19.3
Buy  34739 -146.20685512106138 -1558.7406840147428
2021-09-27  4  34739   -146.2    +21.1
2021-09-28  3  34747   -164.2    +11.6
2021-09-29  3  34360   -169.1    +14.5
Sell 34467 -214.713520194593 5.64171002482988
2021-09-30  3  34467   -214.7    -20.5
2021-10-01  0  33930   -209.5    -12.3
2021-10-04  0  34312   -228.8    -32.3
2021-10-05  0  34035   -216.5    -23.2
2021-10-06  0  34198   -196.2     -4.6
Buy  34509 -151.08779727062938 -34.980488718255316
2021-10-07  1  34509   -151.1    +37.4
2021-10-08  1  34757   -114.7    +70.2
2021-10-11  0  34723   -104.9    +73.5
2021-10-12  0  34507   -105.4    +65.9
2021-10-13  0  34372   -104.6    +54.5
2021-10-14  2  34443    -60.2    +82.3
2021-10-15  2  35023     +5.9   +122.3
2021-10-18  2  35221    +54.6   +140.9
2021-10-19  2  35325   +108.1   +160.5
2021-10-20  2  35475   +160.8   +178.6
2021-10-21  2  35520   +199.8   +182.7
2021-10-22  2  35607   +234.0   +179.2
2021-10-25  2  35692   +263.2   +167.5
2021-10-26  2  35791   +284.4   +145.4
2021-10-27  2  35835   +276.5   +100.1
2021-10-28  2  35545   +286.3    +78.8
2021-10-29  2  35712   +297.8    +63.2
2021-11-01  2  35833   +310.9    +53.9
2021-11-02  5  35935   +328.8    +53.0
2021-11-03  5  36059   +347.3    +55.2
2021-11-04  5  36107   +355.3    +49.7
2021-11-05  5  36268   +373.7    +55.8
2021-11-08  5  36416   +392.2    +62.4
2021-11-09  5  36404   +393.3    +50.4
2021-11-10  5  36299   +370.5    +18.3
Sell 36038 335.76206933006324 2243.793861451345
2021-11-11  5  36038   +335.8    -20.7
2021-11-12  5  35963   +319.0    -38.3
2021-11-15  5  36128   +301.2    -53.1
2021-11-16  5  36076   +288.2    -59.5
2021-11-17  5  36159   +257.9    -79.0
2021-11-18  4  35901   +226.4    -94.1
2021-11-19  4  35879   +177.7   -119.0
2021-11-22  4  35631   +138.9   -129.5
2021-11-23  4  35619   +122.4   -118.4
2021-11-24  4  35752   +107.4   -108.1
2021-11-26  3  35366    +22.2   -160.3
2021-11-29  3  35017    -26.0   -172.1
2021-11-30  3  35056   -115.4   -216.7
2021-12-01  3  34678   -221.0   -269.1
2021-12-02  3  34076   -251.9   -246.9
2021-12-03  3  34692   -278.1   -222.3
2021-12-06  4  34633   -243.8   -145.5
2021-12-07  5  35423   -174.8    -43.6
Buy  35716 -116.0100844444969 -2235.2506652357297
2021-12-08  5  35716   -116.0    +40.1
2021-12-09  5  35722    -68.6    +97.6
2021-12-10  5  35830    -13.4   +151.4
2021-12-13  5  35958     +4.4   +155.9
2021-12-14  4  35605     +9.8   +135.7
2021-12-15  5  35549    +44.5   +137.4
2021-12-16  5  36036    +68.8   +123.2
2021-12-17  4  35800    +44.7    +66.9
Sell 35222 -9.377439142743242 862.5490444070277
2021-12-20  3  35222     -9.4     -5.5
2021-12-21  5  35069     -6.9    -15.1
2021-12-22  5  35491    +16.0     -1.6
Buy  35782 49.40272368487058 8.057228866084188
2021-12-23  5  35782    +49.4    +24.8
2021-12-27  5  35954   +103.1    +67.5
2021-12-28  5  36302   +151.6   +100.3
2021-12-29  5  36421   +195.1   +127.1
2021-12-30  5  36522   +219.8   +135.0
2021-12-31  5  36385   +231.8   +126.2
2022-01-03  5  36321   +258.3   +122.9
2022-01-04  5  36636   +293.2   +124.5
2022-01-05  5  36722   +285.9    +87.2
2022-01-06  5  36409   +263.3    +40.8
2022-01-07  5  36249   +242.2     +4.3
Sell 36175 209.9513079401513 901.3768854901896
2022-01-10  5  36175   +210.0    -34.4
2022-01-11  5  36058   +196.9    -47.7
2022-01-12  5  36336   +187.5    -53.5
2022-01-13  5  36312   +163.9    -69.6
2022-01-14  4  35996   +127.4    -91.5
2022-01-18  3  35661    +54.0   -138.3
2022-01-19  3  35412    -31.2   -188.3
2022-01-20  3  35102   -122.6   -236.8
2022-01-21  3  34701   -228.7   -290.6
2022-01-24  3  34070   -301.3   -306.4
2022-01-25  3  34186   -360.1   -303.3
2022-01-26  3  34520   -412.4   -288.9
2022-01-27  3  34261   -449.2   -257.7
2022-01-28  3  34135   -427.9   -174.7
2022-01-31  3  34691   -374.0    -73.2
Buy  35151 -305.6030881300685 -2494.7356473936647
2022-02-01  0  35151   -305.6    +25.7
2022-02-02  1  35378   -230.7   +112.6
2022-02-03  0  35520   -210.7   +130.6
2022-02-04  0  35095   -194.3   +135.1
2022-02-07  0  35108   -179.2   +130.1
2022-02-08  1  35160   -135.7   +142.9
2022-02-09  2  35614    -75.6   +161.4
2022-02-10  0  35630    -69.8   +127.5
2022-02-11  0  35267   -104.5    +62.8
2022-02-14  0  34694   -144.3     +5.2
Sell 34686 -140.05231849254778 1007.6502958017703
2022-02-15  0  34686   -140.1     -0.7
2022-02-16  0  34951   -139.5     -8.1
2022-02-17  0  34858   -187.1    -56.5
2022-02-18  0  34310   -240.9   -103.4
2022-02-22  0  33974   -318.7   -160.9
2022-02-23  0  33680   -413.2   -217.9
2022-02-24  0  32830   -475.1   -234.8
2022-02-25  0  33277   -451.7   -172.7
2022-02-28  0  33870   -441.4   -129.4
2022-03-01  0  33813   -476.0   -126.7
2022-03-02  0  33379   -450.1    -66.3
2022-03-03  0  33972   -432.3    -21.3
Buy  33655 -427.88440584615455 -1293.9005808251563
2022-03-04  0  33655   -427.9     +3.9
Sell 33579 -483.1292321436049 -33.046322701886936
2022-03-07  0  33579   -483.1    -33.0
2022-03-08  0  32885   -535.6    -72.0
2022-03-09  0  32860   -518.5    -50.0
2022-03-10  0  33106   -508.2    -33.4
2022-03-11  0  33279   -512.6    -29.9
2022-03-14  0  33000   -510.2    -23.7
Buy  32989 -454.634761798734 -176.57005481223717
2022-03-15  0  32989   -454.6    +32.4
2022-03-16  1  33653   -364.6   +114.9
2022-03-17  1  33995   -256.5   +203.9
2022-03-18  1  34466   -147.1   +276.0
2022-03-21  1  34669    -75.8   +296.2
2022-03-22  1  34583     +1.3   +315.5
2022-03-23  1  34748    +25.8   +280.7
2022-03-24  1  34406    +72.6   +262.5
2022-03-25  1  34702   +120.6   +240.5
2022-03-28  2  34833   +164.5   +215.5
2022-03-29  2  35114   +223.9   +209.6
2022-03-30  2  35273   +262.7   +190.7
2022-03-31  1  35201   +246.3   +130.5
2022-04-01  1  34740   +241.7    +90.6
2022-04-04  2  34799   +243.6    +65.6
2022-04-05  1  34876   +220.0    +20.4
Sell 34520 187.38010414119344 2888.2822522115935
2022-04-06  1  34520   +187.4    -24.9
2022-04-07  1  34439   +166.7    -50.7
2022-04-08  1  34569   +159.5    -57.4
2022-04-11  0  34630   +119.1    -86.1
2022-04-12  0  34412    +79.1   -105.7
2022-04-13  1  34166    +74.4    -91.3
2022-04-14  0  34628    +60.7    -84.9
2022-04-18  0  34411    +46.2    -77.5
2022-04-19  2  34394    +74.2    -33.3
Buy  34962 115.11715182819898 -571.1839453844012
2022-04-20  5  34962   +115.1    +15.7
2022-04-21  5  35258   +116.5    +22.7
Sell 34727 38.03254707344604 -19.69836527521855
2022-04-22  3  34727    +38.0    -42.4
2022-04-25  3  33731     -4.9    -71.5
2022-04-26  3  33907   -103.1   -149.4
2022-04-27  3  33450   -173.9   -192.6
2022-04-28  3  33425   -178.3   -170.5
