2018-01-03  5  -31.1 +1  10
2018-01-04  5  -17.5 +1  20
2018-01-05  5   +6.4 +1  30
2018-01-08  5  +19.3 +1  40
2018-01-09  5  +31.7 +1  50
2018-01-10  5  +34.5 +1  60
2018-01-11  5  +46.2 +1  70
2018-01-12  5  +63.4 +1  80
2018-01-16  5  +66.7 +1  90
2018-01-17  5  +83.8 +1 100
2018-01-18  5  +80.0 +0 100
2018-01-19  5  +73.6 +0 100
2018-01-22  5  +70.9 +0 100
2018-01-23  5  +60.3 +0 100
2018-01-24  5  +46.8 +0 100
2018-01-25  5  +39.6 +0 100
2018-01-26  5  +44.3 +0 100
2018-01-29  5  +27.5 +0 100
2018-01-30  5  -14.5 -1  90
2018-01-31  5  -42.7 -1  80
2018-02-01  5  -62.3 +0  80
2018-02-02  4 -123.9 -1  70
2018-02-05  3 -248.0 -1  60
2018-02-06  4 -285.3 +0  60
2018-02-07  4 -299.5 +0  60
2018-02-08  3 -365.2 -1  50
2018-02-09  3 -366.2 -1  40
2018-02-12  4 -317.0 +1  50
2018-02-13  4 -258.3 +1  60
2018-02-14  4 -177.8 +0  60
2018-02-15  4  -85.3 +0  60
2018-02-16  4  -18.2 +0  60
2018-02-20  4  +13.9 +1  70
2018-02-21  4  +26.4 +1  80
2018-02-22  4  +39.3 +0  80
2018-02-23  4  +66.7 +0  80
2018-02-26  5 +109.5 +1  90
2018-02-27  5 +111.0 +1 100
2018-02-28  4  +79.4 -1  90
2018-03-01  3  +25.4 -1  80
2018-03-02  3  -16.8 -1  70
2018-03-05  4  -22.0 -1  60
2018-03-06  4  -25.8 +0  60
2018-03-07  3  -33.7 -1  50
2018-03-08  3  -28.3 -1  40
2018-03-09  2  +14.6 +1  50
2018-03-12  2  +37.7 +1  60
2018-03-13  2  +41.8 +0  60
2018-03-14  0  +23.4 -1  50
2018-03-15  0  +14.9 -1  40
2018-03-16  1  +13.3 +0  40
2018-03-19  0  -12.5 -1  30
2018-03-20  0  -22.6 -1  20
2018-03-21  0  -32.0 -1  10
2018-03-22  0  -84.5 -1   0
2018-03-23  0 -144.0 +0   0
2018-03-26  0 -128.5 +0   0
2018-03-27  0 -134.4 +0   0
2018-03-28  0 -129.1 +0   0
2018-03-29  0  -95.7 +0   0
2018-04-02  0  -96.5 +0   0
2018-04-03  0  -58.8 +0   0
2018-04-04  0   -6.5 +0   0
2018-04-05  0  +48.9 +1  10
2018-04-06  0  +42.6 +1  20
2018-04-09  0  +42.8 +0  20
2018-04-10  0  +71.9 +0  20
2018-04-11  0  +73.3 +0  20
2018-04-12  1  +93.7 +1  30
2018-04-13  0  +92.4 -1  20
2018-04-16  1 +102.6 +1  30
2018-04-17  1 +121.8 +1  40
2018-04-18  1 +130.2 +0  40
2018-04-19  1 +122.2 +0  40
2018-04-20  1  +94.1 +0  40
2018-04-23  1  +69.6 +0  40
2018-04-24  0  +17.1 -1  30
2018-04-25  0  -15.8 -1  20
2018-04-26  1  -22.1 +0  20
2018-04-27  1  -25.4 +0  20
2018-04-30  0  -33.9 -1  10
2018-05-01  0  -39.6 -1   0
2018-05-02  0  -50.9 +0   0
2018-05-03  0  -54.0 +0   0
2018-05-04  0  -27.7 +0   0
2018-05-07  1   -2.2 +1  10
2018-05-08  1  +15.6 +1  20
2018-05-09  1  +42.0 +1  30
2018-05-10  2  +74.1 +1  40
2018-05-11  2  +99.8 +1  50
2018-05-14  2 +117.1 +1  60
2018-05-15  2 +107.1 +0  60
2018-05-16  2  +95.5 +0  60
2018-05-17  2  +77.0 +0  60
2018-05-18  2  +58.5 +0  60
2018-05-21  2  +61.4 +0  60
2018-05-22  2  +46.1 +0  60
2018-05-23  2  +36.4 +0  60
2018-05-24  2  +22.6 +0  60
2018-05-25  2   +8.2 +0  60
2018-05-29  0  -31.4 -1  50
2018-05-30  2  -36.8 -1  40
2018-05-31  0  -58.0 -1  30
2018-06-01  2  -55.7 +1  40
2018-06-04  2  -37.3 +0  40
2018-06-05  5  -23.3 +1  50
2018-06-06  5  +13.3 +1  60
2018-06-07  5  +45.6 +1  70
2018-06-08  5  +71.4 +1  80
2018-06-11  5  +82.8 +1  90
2018-06-12  5  +84.8 +1 100
2018-06-13  5  +68.9 +0 100
2018-06-14  5  +48.8 +0 100
2018-06-15  5  +23.3 +0 100
2018-06-18  5   -6.8 -1  90
2018-06-19  4  -49.3 -1  80
2018-06-20  4  -80.2 -1  70
2018-06-21  3 -111.6 -1  60
2018-06-22  4 -118.9 +0  60
2018-06-25  3 -139.9 -1  50
2018-06-26  3 -144.2 -1  40
2018-06-27  3 -149.8 +0  40
2018-06-28  3 -136.8 +0  40
2018-06-29  3 -114.4 +0  40
2018-07-02  3  -89.1 +0  40
2018-07-03  3  -74.6 +0  40
2018-07-05  3  -47.0 +0  40
2018-07-06  3  -15.7 +0  40
2018-07-09  5  +29.9 +1  50
2018-07-10  5  +71.0 +1  60
2018-07-11  4  +79.8 +1  70
2018-07-12  5  +97.4 +1  80
2018-07-13  5 +110.9 +1  90
2018-07-16  5 +117.2 +1 100
2018-07-17  5 +116.8 +0 100
2018-07-18  5 +114.0 +0 100
2018-07-19  5  +94.4 +0 100
2018-07-20  5  +75.0 +0 100
2018-07-23  5  +56.7 +0 100
2018-07-24  5  +52.7 +0 100
2018-07-25  5  +58.3 +0 100
2018-07-26  5  +66.6 +0 100
2018-07-27  5  +62.8 +0 100
2018-07-30  5  +46.0 +0 100
2018-07-31  5  +39.0 +0 100
2018-08-01  5  +24.2 +0 100
2018-08-02  5   +9.4 +0 100
2018-08-03  5   +4.8 +0 100
2018-08-06  5   +2.0 +0 100
2018-08-07  5   +8.0 +0 100
2018-08-08  5   +8.5 +0 100
2018-08-09  5   +2.4 +0 100
2018-08-10  5  -18.2 -1  90
2018-08-13  4  -42.1 -1  80
2018-08-14  5  -51.0 +0  80
2018-08-15  4  -67.0 -1  70
2018-08-16  5  -48.0 +1  80
2018-08-17  5  -25.2 +0  80
2018-08-20  5   -1.1 +0  80
2018-08-21  5  +20.8 +1  90
2018-08-22  5  +28.6 +1 100
2018-08-23  5  +25.2 +0 100
2018-08-24  5  +27.6 +0 100
2018-08-27  5  +43.2 +0 100
2018-08-28  5  +48.1 +0 100
2018-08-29  5  +51.2 +0 100
2018-08-30  5  +39.2 +0 100
2018-08-31  5  +25.8 +0 100
2018-09-04  5  +12.9 +0 100
2018-09-05  5   +2.3 +0 100
2018-09-06  5   -7.4 -1  90
2018-09-07  5  -22.4 -1  80
2018-09-10  5  -36.9 +0  80
2018-09-11  5  -37.9 +0  80
2018-09-12  5  -34.9 +0  80
2018-09-13  5  -21.9 +0  80
2018-09-14  5  -12.4 +0  80
2018-09-17  5  -13.2 +0  80
2018-09-18  5   -1.3 +0  80
2018-09-19  5  +17.0 +1  90
2018-09-20  5  +44.7 +1 100
2018-09-21  5  +64.9 +0 100
2018-09-24  5  +60.3 +0 100
2018-09-25  5  +46.0 +0 100
2018-09-26  5  +23.7 +0 100
2018-09-27  5   +7.7 +0 100
2018-09-28  5   -6.9 -1  90
2018-10-01  5   -6.5 -1  80
2018-10-02  5   +0.5 +1  90
2018-10-03  5   +8.7 +1 100
2018-10-04  5   +0.1 +0 100
2018-10-05  5  -20.0 -1  90
2018-10-08  5  -32.4 -1  80
2018-10-09  5  -46.6 +0  80
2018-10-10  3 -116.0 -1  70
2018-10-11  3 -200.2 -1  60
2018-10-12  3 -229.4 -1  50
2018-10-15  3 -243.3 -1  40
2018-10-16  4 -198.5 +1  50
2018-10-17  4 -160.4 +1  60
2018-10-18  3 -145.3 -1  50
2018-10-19  3 -117.4 -1  40
2018-10-22  3  -94.5 +0  40
2018-10-23  3  -81.9 +0  40
2018-10-24  3 -115.4 +0  40
2018-10-25  3 -105.2 +0  40
2018-10-26  3 -114.7 +0  40
2018-10-29  3 -128.3 +0  40
2018-10-30  0  -95.8 -1  30
2018-10-31  0  -47.6 -1  20
2018-11-01  0  +12.4 +0  20
2018-11-02  0  +50.9 +0  20
2018-11-05  0  +93.3 +0  20
2018-11-06  1 +130.0 +1  30
2018-11-07  2 +190.2 +1  40
2018-11-08  2 +222.7 +1  50
2018-11-09  2 +215.8 +1  60
2018-11-12  0 +155.4 -1  50
2018-11-13  0  +96.7 -1  40
2018-11-14  0  +35.9 -1  30
2018-11-15  0   +4.3 -1  20
2018-11-16  1  -10.2 +0  20
2018-11-19  0  -47.5 -1  10
2018-11-20  0 -105.0 -1   0
2018-11-21  0 -133.7 +0   0
2018-11-23  0 -153.7 +0   0
2018-11-26  0 -132.8 +0   0
2018-11-27  0 -101.5 +0   0
2018-11-28  1  -29.1 +1  10
2018-11-29  1  +25.4 +1  20
2018-11-30  1  +82.5 +1  30
2018-12-03  2 +142.2 +1  40
2018-12-04  0 +118.6 -1  30
2018-12-06  0  +88.1 -1  20
2018-12-07  0  +17.7 +0  20
2018-12-10  0  -32.9 -1  10
2018-12-11  0  -73.1 -1   0
2018-12-12  0  -83.8 +0   0
2018-12-13  0  -79.1 +0   0
2018-12-14  0 -101.4 +0   0
2018-12-17  0 -138.4 +0   0
2018-12-18  0 -147.2 +0   0
2018-12-19  0 -166.1 +0   0
2018-12-20  0 -202.5 +0   0
2018-12-21  0 -244.2 +0   0
2018-12-24  0 -303.4 +0   0
2018-12-26  0 -245.0 +0   0
2018-12-27  0 -162.8 +0   0
2018-12-28  0  -93.4 +0   0
2018-12-31  0  -14.5 +0   0
2019-01-02  0  +51.9 +1  10
2019-01-03  0  +56.4 +1  20
2019-01-04  0 +113.7 +0  20
2019-01-07  0 +155.6 +0  20
2019-01-08  1 +189.3 +1  30
2019-01-09  1 +212.0 +1  40
2019-01-10  1 +229.6 +0  40
2019-01-11  1 +231.9 +0  40
2019-01-14  1 +219.1 +0  40
2019-01-15  1 +212.6 +0  40
2019-01-16  1 +202.9 +0  40
2019-01-17  1 +197.7 +0  40
2019-01-18  1 +207.8 +0  40
2019-01-22  1 +183.8 +0  40
2019-01-23  1 +170.3 +0  40
2019-01-24  1 +151.2 +0  40
2019-01-25  2 +142.6 +1  50
2019-01-28  1 +112.0 -1  40
2019-01-29  2  +86.4 +1  50
2019-01-30  2  +92.9 +1  60
2019-01-31  2  +90.1 +0  60
2019-02-01  2  +88.8 +0  60
2019-02-04  2  +93.5 +0  60
2019-02-05  2 +102.3 +0  60
2019-02-06  2  +99.0 +0  60
2019-02-07  2  +73.8 +0  60
2019-02-08  2  +43.1 +0  60
2019-02-11  5  +10.1 +1  70
2019-02-12  5  +10.2 +1  80
2019-02-13  5  +14.7 +1  90
2019-02-14  5   +6.5 +1 100
2019-02-15  5  +29.6 +0 100
2019-02-19  5  +43.8 +0 100
2019-02-20  5  +54.5 +0 100
2019-02-21  5  +47.9 +0 100
2019-02-22  5  +48.5 +0 100
2019-02-25  5  +43.9 +0 100
2019-02-26  5  +31.6 +0 100
2019-02-27  5  +11.8 +0 100
2019-02-28  5  -13.6 -1  90
2019-03-01  5  -25.8 -1  80
2019-03-04  5  -50.9 +0  80
2019-03-05  5  -69.7 +0  80
2019-03-06  5  -92.7 +0  80
2019-03-07  4 -120.7 -1  70
2019-03-08  4 -137.4 -1  60
2019-03-11  4 -129.3 +0  60
2019-03-12  4 -125.3 +0  60
2019-03-13  5 -107.1 +1  70
2019-03-14  5  -88.2 +1  80
2019-03-15  5  -61.6 +0  80
2019-03-18  5  -35.8 +0  80
2019-03-19  5  -19.2 +0  80
2019-03-20  4  -19.7 -1  70
2019-03-21  5   -7.1 +1  80
2019-03-22  4  -32.5 -1  70
2019-03-25  4  -50.6 -1  60
2019-03-26  4  -52.5 +0  60
2019-03-27  4  -55.3 +0  60
2019-03-28  4  -48.3 +0  60
2019-03-29  5  -25.6 +1  70
2019-04-01  5  +15.6 +1  80
2019-04-02  5  +37.4 +1  90
2019-04-03  5  +55.0 +1 100
2019-04-04  5  +73.6 +0 100
2019-04-05  5  +82.5 +0 100
2019-04-08  5  +75.7 +0 100
2019-04-09  5  +49.8 +0 100
2019-04-10  5  +25.5 +0 100
2019-04-11  5   +3.1 +0 100
2019-04-12  5   +5.7 +0 100
2019-04-15  5   +3.6 +0 100
2019-04-16  5   +5.3 +0 100
2019-04-17  5   +5.7 +0 100
2019-04-18  5  +13.6 +0 100
2019-04-22  5  +14.2 +0 100
2019-04-23  5  +21.6 +0 100
2019-04-24  5  +18.6 +0 100
2019-04-25  5   +2.4 +0 100
2019-04-26  5   -5.0 -1  90
2019-04-29  5  -11.4 -1  80
2019-04-30  5  -14.4 +0  80
2019-05-01  5  -29.4 +0  80
2019-05-02  4  -48.4 -1  70
2019-05-03  5  -46.9 +1  80
2019-05-06  5  -48.6 +0  80
2019-05-07  4  -81.5 -1  70
2019-05-08  4 -101.8 -1  60
2019-05-09  3 -121.3 -1  50
2019-05-10  4 -120.7 +1  60
2019-05-13  3 -156.8 -1  50
2019-05-14  3 -158.9 -1  40
2019-05-15  3 -143.6 +0  40
2019-05-16  3 -107.1 +0  40
2019-05-17  3  -79.2 +0  40
2019-05-20  3  -60.7 +0  40
2019-05-21  3  -28.9 +0  40
2019-05-22  3  -11.2 +0  40
2019-05-23  3  -16.1 +0  40
2019-05-24  3  -14.4 +0  40
2019-05-28  3  -30.3 +0  40
2019-05-29  3  -55.5 +0  40
2019-05-30  0  -64.9 -1  30
2019-05-31  0  -91.5 -1  20
2019-06-03  0 -103.2 -1  10
2019-06-04  0  -65.6 -1   0
2019-06-05  0  -16.7 +0   0
2019-06-06  1  +34.3 +1  10
2019-06-07  2  +91.2 +1  20
2019-06-10  2 +134.8 +1  30
2019-06-11  2 +158.0 +1  40
2019-06-12  2 +163.6 +1  50
2019-06-13  2 +162.7 +1  60
2019-06-14  2 +147.6 +0  60
2019-06-17  2 +129.0 +0  60
2019-06-18  2 +132.9 +0  60
2019-06-19  2 +130.5 +0  60
2019-06-20  2 +140.3 +0  60
2019-06-21  2 +137.8 +0  60
2019-06-24  2 +128.9 +0  60
2019-06-25  2 +101.3 +0  60
2019-06-26  2  +73.9 +0  60
2019-06-27  2  +46.8 +0  60
2019-06-28  2  +26.6 +0  60
2019-07-01  2  +17.7 +0  60
2019-07-02  5  +13.4 +1  70
2019-07-03  5  +22.4 +1  80
2019-07-05  5  +23.9 +1  90
2019-07-08  5  +14.8 +1 100
2019-07-09  5   +3.6 +0 100
2019-07-10  5   -1.9 -1  90
2019-07-11  5   +7.0 +1 100
2019-07-12  5  +26.8 +0 100
2019-07-15  5  +38.5 +0 100
2019-07-16  5  +40.5 +0 100
2019-07-17  5  +30.2 +0 100
2019-07-18  5  +19.3 +0 100
2019-07-19  5   +1.9 +0 100
2019-07-22  5  -13.7 -1  90
2019-07-23  5  -16.0 -1  80
2019-07-24  5  -25.5 +0  80
2019-07-25  5  -41.3 +0  80
2019-07-26  5  -47.6 +0  80
2019-07-29  5  -48.7 +0  80
2019-07-30  5  -50.6 +0  80
2019-07-31  4  -75.0 -1  70
2019-08-01  4 -110.6 -1  60
2019-08-02  4 -139.0 +0  60
2019-08-05  3 -206.4 -1  50
2019-08-06  3 -221.0 -1  40
2019-08-07  3 -221.7 +0  40
2019-08-08  4 -182.9 +1  50
2019-08-09  3 -149.3 -1  40
2019-08-12  3 -141.0 +0  40
2019-08-13  3  -97.1 +0  40
2019-08-14  3 -115.7 +0  40
2019-08-15  3 -112.9 +0  40
2019-08-16  3  -86.5 +0  40
2019-08-19  3  -45.8 +0  40
2019-08-20  3  -26.8 +0  40
2019-08-21  3   +9.1 +1  50
2019-08-22  3  +41.3 +1  60
2019-08-23  3  +18.8 +0  60
2019-08-26  3  +25.8 +0  60
2019-08-27  3  +18.7 +0  60
2019-08-28  0  +29.5 -1  50
2019-08-29  2  +59.5 +1  60
2019-08-30  2  +83.1 +0  60
2019-09-03  0  +76.6 -1  50
2019-09-04  2  +88.2 +1  60
2019-09-05  2 +121.7 +0  60
2019-09-06  2 +141.8 +0  60
2019-09-09  2 +150.7 +0  60
2019-09-10  2 +151.8 +0  60
2019-09-11  2 +159.3 +0  60
2019-09-12  2 +159.8 +0  60
2019-09-13  2 +154.0 +0  60
2019-09-16  2 +127.9 +0  60
2019-09-17  2 +101.9 +0  60
2019-09-18  2  +79.6 +0  60
2019-09-19  2  +54.4 +0  60
2019-09-20  2  +20.5 +0  60
2019-09-23  2   -5.5 -1  50
2019-09-24  2  -34.3 -1  40
2019-09-25  5  -41.6 +1  50
2019-09-26  5  -50.2 +1  60
2019-09-27  5  -59.8 +1  70
2019-09-30  5  -57.2 +1  80
2019-10-01  3  -76.8 -1  70
2019-10-02  3 -121.8 -1  60
2019-10-03  3 -139.4 -1  50
2019-10-04  3 -118.5 -1  40
2019-10-07  3 -105.5 +0  40
2019-10-08  3 -112.0 +0  40
2019-10-09  3  -96.4 +0  40
2019-10-10  3  -68.3 +0  40
2019-10-11  5  -19.0 +1  50
2019-10-14  4  +15.5 +1  60
2019-10-15  5  +53.0 +1  70
2019-10-16  5  +72.8 +1  80
2019-10-17  5  +85.4 +1  90
2019-10-18  5  +71.3 +1 100
2019-10-21  5  +58.2 +0 100
2019-10-22  5  +40.1 +0 100
2019-10-23  5  +26.2 +0 100
2019-10-24  5  +12.8 +0 100
2019-10-25  5  +12.9 +0 100
2019-10-28  5  +22.7 +0 100
2019-10-29  5  +28.1 +0 100
2019-10-30  5  +39.7 +0 100
2019-10-31  5  +34.7 +0 100
2019-11-01  5  +49.8 +0 100
2019-11-04  5  +64.2 +0 100
2019-11-05  5  +71.4 +0 100
2019-11-06  5  +70.1 +0 100
2019-11-07  5  +76.5 +0 100
2019-11-08  5  +75.9 +0 100
2019-11-11  5  +69.9 +0 100
2019-11-12  5  +59.9 +0 100
2019-11-13  5  +52.2 +0 100
2019-11-14  5  +41.6 +0 100
2019-11-15  5  +45.8 +0 100
2019-11-18  5  +46.3 +0 100
2019-11-19  5  +34.0 +0 100
2019-11-20  5  +13.7 +0 100
2019-11-21  5   -7.4 -1  90
2019-11-22  5  -16.8 -1  80
2019-11-25  5  -12.1 +0  80
2019-11-26  5   -6.9 +0  80
2019-11-27  5   -2.7 +0  80
2019-11-29  5   -8.8 +0  80
2019-12-02  5  -32.7 +0  80
2019-12-03  4  -69.5 -1  70
2019-12-04  4  -84.3 -1  60
2019-12-05  4  -92.0 +0  60
2019-12-06  5  -71.2 +1  70
2019-12-09  5  -61.2 +1  80
2019-12-10  5  -52.7 +0  80
2019-12-11  5  -40.9 +0  80
2019-12-12  5  -14.3 +0  80
2019-12-13  5   +3.9 +1  90
2019-12-16  5  +19.6 +1 100
2019-12-17  5  +28.7 +0 100
2019-12-18  5  +28.3 +0 100
2019-12-19  5  +35.5 +0 100
2019-12-20  5  +42.1 +0 100
2019-12-23  5  +48.5 +0 100
2019-12-24  5  +44.8 +0 100
2019-12-26  5  +45.4 +0 100
2019-12-27  5  +42.8 +0 100
2019-12-30  5  +23.7 +0 100
2019-12-31  5  +12.1 +0 100
2020-01-02  5  +23.7 +0 100
2020-01-03  5  +11.5 +0 100
2020-01-06  5   +5.1 +0 100
2020-01-07  5   -9.8 -1  90
2020-01-08  5  -10.5 -1  80
2020-01-09  5   +3.0 +1  90
2020-01-10  5   +1.3 +1 100
2020-01-13  5   +2.7 +0 100
2020-01-14  5   +2.7 +0 100
2020-01-15  5   +8.6 +0 100
2020-01-16  5  +28.5 +0 100
2020-01-17  5  +42.1 +0 100
2020-01-21  5  +34.7 +0 100
2020-01-22  5  +23.9 +0 100
2020-01-23  5  +11.2 +0 100
2020-01-24  5  -13.9 -1  90
2020-01-27  4  -66.4 -1  80
2020-01-28  4  -89.9 -1  70
2020-01-29  4 -103.7 -1  60
2020-01-30  5  -99.5 +1  70
2020-01-31  4 -133.5 -1  60
2020-02-03  4 -140.2 +0  60
2020-02-04  4 -107.8 +0  60
2020-02-05  5  -43.9 +1  70
2020-02-06  5  +10.3 +1  80
2020-02-07  5  +25.5 +1  90
2020-02-10  5  +46.2 +1 100
2020-02-11  5  +57.0 +0 100
2020-02-12  5  +80.6 +0 100
2020-02-13  5  +77.6 +0 100
2020-02-14  5  +63.5 +0 100
2020-02-18  5  +34.8 +0 100
2020-02-19  5  +20.6 +0 100
2020-02-20  5   +0.4 +0 100
2020-02-21  4  -32.5 -1  90
2020-02-24  3 -128.6 -1  80
2020-02-25  3 -253.1 -1  70
2020-02-26  3 -334.7 -1  60
2020-02-27  3 -457.4 -1  50
2020-02-28  3 -541.4 -1  40
2020-03-02  3 -475.5 +0  40
2020-03-03  0 -450.7 -1  30
2020-03-04  0 -313.6 -1  20
2020-03-05  0 -254.5 -1  10
2020-03-06  0 -207.3 -1   0
2020-03-09  0 -299.9 +0   0
2020-03-10  0 -258.7 +0   0
2020-03-11  0 -320.7 +0   0
2020-03-12  0 -516.1 +0   0
2020-03-13  0 -473.7 +0   0
2020-03-16  0 -623.4 +0   0
2020-03-17  0 -598.0 +0   0
2020-03-18  0 -623.0 +0   0
2020-03-19  0 -569.2 +0   0
2020-03-20  0 -551.9 +0   0
2020-03-23  0 -521.6 +0   0
2020-03-24  0 -298.1 +0   0
2020-03-25  0  -80.0 +0   0
2020-03-26  0 +205.1 +1  10
2020-03-27  0 +340.4 +1  20
2020-03-30  0 +487.9 +0  20
2020-03-31  0 +547.3 +0  20
2020-04-01  0 +502.3 +0  20
2020-04-02  0 +479.0 +0  20
2020-04-03  0 +404.7 +0  20
2020-04-06  1 +454.1 +1  30
2020-04-07  1 +472.8 +1  40
2020-04-08  1 +536.4 +0  40
2020-04-09  1 +584.4 +0  40
2020-04-13  1 +579.7 +0  40
2020-04-14  1 +596.1 +0  40
2020-04-15  1 +543.8 +0  40
2020-04-16  1 +480.5 +0  40
2020-04-17  1 +453.4 +0  40
2020-04-20  1 +371.2 +0  40
2020-04-21  1 +248.9 +0  40
2020-04-22  1 +186.3 +0  40
2020-04-23  1 +140.2 +0  40
2020-04-24  1 +119.7 +0  40
2020-04-27  1 +129.3 +0  40
2020-04-28  1 +127.5 +0  40
2020-04-29  1 +157.3 +0  40
2020-04-30  1 +155.0 +0  40
2020-05-01  1 +101.2 +0  40
2020-05-04  1  +53.5 +0  40
2020-05-05  1  +22.5 +0  40
2020-05-06  1  -20.8 -1  30
2020-05-07  1  -38.5 -1  20
2020-05-08  1  -17.4 +0  20
2020-05-11  1  -10.4 +0  20
2020-05-12  0  -33.6 -1  10
2020-05-13  0  -82.9 -1   0
2020-05-14  0  -89.6 +0   0
2020-05-15  0  -88.4 +0   0
2020-05-18  2  -20.1 +1  10
2020-05-19  1   -2.3 +1  20
2020-05-20  2  +34.9 +1  30
2020-05-21  2  +54.3 +1  40
2020-05-22  2  +66.0 +1  50
2020-05-26  2 +105.7 +1  60
2020-05-27  2 +159.4 +0  60
2020-05-28  2 +172.2 +0  60
2020-05-29  5 +163.7 +1  70
2020-06-01  5 +154.8 +1  80
2020-06-02  5 +153.8 +1  90
2020-06-03  5 +178.3 +1 100
2020-06-04  5 +180.4 +0 100
2020-06-05  5 +222.7 +0 100
2020-06-08  5 +267.2 +0 100
2020-06-09  5 +259.9 +0 100
2020-06-10  5 +214.5 +0 100
2020-06-11  4  +30.3 -1  90
2020-06-12  5  -77.5 -1  80
2020-06-15  5 -148.6 +0  80
2020-06-16  5 -160.8 +0  80
2020-06-17  5 -180.7 +0  80
2020-06-18  5 -188.2 +0  80
2020-06-19  5 -193.6 +0  80
2020-06-22  5 -172.2 +0  80
2020-06-23  5 -135.7 +0  80
2020-06-24  4 -165.0 -1  70
2020-06-25  4 -163.4 -1  60
2020-06-26  4 -211.9 +0  60
2020-06-29  4 -195.1 +0  60
2020-06-30  4 -159.6 +0  60
2020-07-01  4 -133.2 +0  60
2020-07-02  4 -103.2 +0  60
2020-07-06  5  -44.1 +1  70
2020-07-07  4  -26.7 -1  60
2020-07-08  4   -4.1 +0  60
2020-07-09  4  -14.8 +0  60
2020-07-10  5   -3.0 +1  70
2020-07-13  5   +2.8 +1  80
2020-07-14  5  +44.4 +1  90
2020-07-15  5  +84.6 +1 100
2020-07-16  5  +96.2 +0 100
2020-07-17  5  +95.8 +0 100
2020-07-20  5  +88.1 +0 100
2020-07-21  5  +87.0 +0 100
2020-07-22  5  +86.8 +0 100
2020-07-23  5  +52.3 +0 100
2020-07-24  5   +6.7 +0 100
2020-07-27  5  -19.4 -1  90
2020-07-28  5  -51.6 -1  80
2020-07-29  5  -61.8 +0  80
2020-07-30  5  -83.9 +0  80
2020-07-31  5  -88.9 +0  80
2020-08-03  5  -71.4 +0  80
2020-08-04  5  -42.2 +0  80
2020-08-05  5   +6.0 +1  90
2020-08-06  5  +50.4 +1 100
2020-08-07  5  +80.8 +0 100
2020-08-10  5 +119.7 +0 100
2020-08-11  5 +130.3 +0 100
2020-08-12  5 +145.6 +0 100
2020-08-13  5 +136.4 +0 100
2020-08-14  5 +119.2 +0 100
2020-08-17  5  +88.5 +0 100
2020-08-18  5  +53.0 +0 100
2020-08-19  5  +15.1 +0 100
2020-08-20  5  -13.8 -1  90
2020-08-21  5  -22.3 -1  80
2020-08-24  5   -4.0 +0  80
2020-08-25  5   +3.1 +1  90
2020-08-26  5  +11.5 +1 100
2020-08-27  5  +25.7 +0 100
2020-08-28  5  +42.3 +0 100
2020-08-31  5  +31.2 +0 100
2020-09-01  5  +30.9 +0 100
2020-09-02  5  +54.5 +0 100
2020-09-03  5   +4.8 +0 100
2020-09-04  5  -45.4 -1  90
2020-09-08  4 -128.1 -1  80
2020-09-09  4 -152.8 -1  70
2020-09-10  4 -194.4 -1  60
2020-09-11  4 -205.5 +0  60
2020-09-14  4 -181.9 +0  60
2020-09-15  4 -155.3 +0  60
2020-09-16  4 -120.3 +0  60
2020-09-17  4  -98.5 +0  60
2020-09-18  4  -95.6 +0  60
2020-09-21  4 -129.7 +0  60
2020-09-22  4 -138.0 +0  60
2020-09-23  3 -178.0 -1  50
2020-09-24  3 -195.6 -1  40
2020-09-25  4 -171.2 +1  50
2020-09-28  4 -113.9 +1  60
2020-09-29  4  -73.0 +0  60
2020-09-30  4  -12.8 +0  60
2020-10-01  4  +35.9 +1  70
2020-10-02  4  +58.2 +1  80
2020-10-05  5 +104.6 +1  90
2020-10-06  5 +100.8 +1 100
2020-10-07  5 +125.8 +0 100
2020-10-08  5 +142.6 +0 100
2020-10-09  5 +158.1 +0 100
2020-10-12  5 +176.2 +0 100
2020-10-13  5 +167.8 +0 100
2020-10-14  5 +139.9 +0 100
2020-10-15  5 +107.7 +0 100
2020-10-16  5  +86.1 +0 100
2020-10-19  5  +31.7 +0 100
2020-10-20  5   -2.3 -1  90
2020-10-21  5  -34.8 -1  80
2020-10-22  5  -45.7 +0  80
2020-10-23  5  -51.5 +0  80
2020-10-26  4  -98.6 -1  70
2020-10-27  3 -142.7 -1  60
2020-10-28  3 -233.4 -1  50
2020-10-29  3 -273.4 -1  40
2020-10-30  3 -299.2 +0  40
2020-11-02  3 -270.0 +0  40
2020-11-03  3 -193.3 +0  40
2020-11-04  4  -97.0 +1  50
2020-11-05  5  +22.2 +1  60
2020-11-06  5 +104.5 +1  70
2020-11-09  5 +219.3 +1  80
2020-11-10  5 +301.9 +1  90
2020-11-11  5 +337.2 +1 100
2020-11-12  5 +312.7 +0 100
2020-11-13  5 +299.3 +0 100
2020-11-16  5 +300.9 +0 100
2020-11-17  5 +268.3 +0 100
2020-11-18  5 +202.9 +0 100
2020-11-19  5 +142.7 +0 100
2020-11-20  5  +75.4 +0 100
2020-11-23  5  +46.4 +0 100
2020-11-24  5  +53.8 +0 100
2020-11-25  5  +38.0 +0 100
2020-11-27  5  +24.4 +0 100
2020-11-30  5   -5.4 -1  90
2020-12-01  5  -14.3 -1  80
2020-12-02  5  -20.2 +0  80
2020-12-03  5  -22.1 +0  80
2020-12-04  5  -12.0 +0  80
2020-12-07  5  -20.0 +0  80
2020-12-08  5  -18.9 +0  80
2020-12-09  5  -27.9 +0  80
2020-12-10  5  -41.0 +0  80
2020-12-11  5  -50.7 +0  80
2020-12-14  5  -72.7 +0  80
2020-12-15  5  -65.0 +0  80
2020-12-16  5  -63.5 +0  80
2020-12-17  5  -50.4 +0  80
2020-12-18  5  -50.5 +0  80
2020-12-21  5  -47.4 +0  80
2020-12-22  5  -59.9 +0  80
2020-12-23  5  -61.1 +0  80
2020-12-24  5  -57.2 +0  80
2020-12-28  5  -41.9 +0  80
2020-12-29  5  -36.1 +0  80
2020-12-30  5  -27.6 +0  80
2020-12-31  5   -7.5 +0  80
2021-01-04  5  -22.7 +0  80
2021-01-05  5  -22.4 +0  80
2021-01-06  5   +5.7 +1  90
2021-01-07  5  +36.5 +1 100
2021-01-08  5  +56.8 +0 100
2021-01-11  5  +59.6 +0 100
2021-01-12  5  +59.3 +0 100
2021-01-13  5  +52.1 +0 100
2021-01-14  5  +36.9 +0 100
2021-01-15  5   +5.2 +0 100
2021-01-19  5  -15.2 -1  90
2021-01-20  5  -13.7 -1  80
2021-01-21  5  -14.5 +0  80
2021-01-22  5  -28.3 +0  80
2021-01-25  5  -41.3 +0  80
2021-01-26  5  -51.8 +0  80
2021-01-27  4 -103.2 -1  70
2021-01-28  4 -114.9 -1  60
2021-01-29  4 -164.9 +0  60
2021-02-01  4 -177.6 +0  60
2021-02-02  4 -143.1 +0  60
2021-02-03  4 -107.5 +0  60
2021-02-04  5  -52.5 +1  70
2021-02-05  5   -3.0 +1  80
2021-02-08  5  +50.7 +1  90
2021-02-09  5  +81.9 +1 100
2021-02-10  5 +103.0 +0 100
2021-02-11  5 +104.9 +0 100
2021-02-12  5  +96.4 +0 100
2021-02-16  5  +86.4 +0 100
2021-02-17  5  +76.8 +0 100
2021-02-18  5  +55.1 +0 100
2021-02-19  5  +34.4 +0 100
2021-02-22  5  +18.8 +0 100
2021-02-23  5   +6.2 +0 100
2021-02-24  5  +25.4 +0 100
2021-02-25  5   -4.2 -1  90
2021-02-26  4  -60.1 -1  80
2021-03-01  5  -55.3 +0  80
2021-03-02  5  -60.4 +0  80
2021-03-03  5  -71.4 +0  80
2021-03-04  4 -101.8 -1  70
2021-03-05  5  -78.5 +1  80
2021-03-08  5  -37.3 +0  80
2021-03-09  5   -1.1 +0  80
2021-03-10  5  +56.4 +1  90
2021-03-11  5 +102.1 +1 100
2021-03-12  5 +149.1 +0 100
2021-03-15  5 +184.3 +0 100
2021-03-16  5 +185.9 +0 100
2021-03-17  5 +181.5 +0 100
2021-03-18  5 +151.7 +0 100
2021-03-19  5 +100.7 +0 100
2021-03-22  5  +59.8 +0 100
2021-03-23  5   +1.4 +0 100
2021-03-24  5  -44.1 -1  90
2021-03-25  5  -61.9 -1  80
2021-03-26  5  -40.0 +0  80
2021-03-29  5  -17.6 +0  80
2021-03-30  5   -8.6 +0  80
2021-03-31  5   -9.4 +0  80
2021-04-01  5   -0.8 +0  80
2021-04-05  5  +28.7 +1  90
2021-04-06  5  +34.8 +1 100
2021-04-07  5  +31.4 +0 100
2021-04-08  5  +25.1 +0 100
2021-04-09  5  +37.1 +0 100
2021-04-12  5  +36.6 +0 100
2021-04-13  5  +24.9 +0 100
2021-04-14  5  +13.2 +0 100
2021-04-15  5  +20.3 +0 100
2021-04-16  5  +32.8 +0 100
2021-04-19  5  +26.7 +0 100
2021-04-20  5   -2.2 -1  90
2021-04-21  5   -5.2 -1  80
2021-04-22  5  -33.2 +0  80
2021-04-23  5  -39.3 +0  80
2021-04-26  5  -51.3 +0  80
2021-04-27  5  -62.1 +0  80
2021-04-28  5  -81.0 +0  80
2021-04-29  5  -74.5 +0  80
2021-04-30  5  -81.6 +0  80
2021-05-03  5  -69.8 +0  80
2021-05-04  5  -58.2 +0  80
2021-05-05  5  -44.3 +0  80
2021-05-06  5  -12.0 +0  80
2021-05-07  5  +24.7 +1  90
2021-05-10  5  +43.6 +1 100
2021-05-11  5  +16.2 +0 100
2021-05-12  4  -55.6 -1  90
2021-05-13  4  -78.0 -1  80
2021-05-14  5  -68.2 +0  80
2021-05-17  5  -65.8 +0  80
2021-05-18  4  -83.0 -1  70
2021-05-19  4 -102.9 -1  60
2021-05-20  4  -96.2 +0  60
2021-05-21  5  -75.2 +1  70
2021-05-24  5  -44.1 +1  80
2021-05-25  5  -32.2 +0  80
2021-05-26  5  -24.4 +0  80
2021-05-27  5   -7.4 +0  80
2021-05-28  5   +9.4 +1  90
2021-06-01  5  +21.6 +1 100
2021-06-02  5  +26.6 +0 100
2021-06-03  5  +24.0 +0 100
2021-06-04  5  +31.1 +0 100
2021-06-07  5  +24.2 +0 100
2021-06-08  5  +13.5 +0 100
2021-06-09  5   -8.3 -1  90
2021-06-10  5  -23.7 -1  80
2021-06-11  5  -34.1 +0  80
2021-06-14  5  -47.0 +0  80
2021-06-15  4  -61.5 -1  70
2021-06-16  4  -88.5 -1  60
2021-06-17  4 -117.2 +0  60
2021-06-18  3 -169.0 -1  50
2021-06-21  4 -154.4 +1  60
2021-06-22  4 -131.3 +0  60
2021-06-23  4 -112.1 +0  60
2021-06-24  4  -67.6 +0  60
2021-06-25  5  -13.4 +1  70
2021-06-28  4  +17.3 +1  80
2021-06-29  4  +39.6 +0  80
2021-06-30  5  +67.4 +1  90
2021-07-01  5  +87.0 +1 100
2021-07-02  5 +105.4 +0 100
2021-07-06  5  +96.4 +0 100
2021-07-07  5  +89.4 +0 100
2021-07-08  5  +60.2 +0 100
2021-07-09  5  +68.5 +0 100
2021-07-12  5  +78.0 +0 100
2021-07-13  5  +70.7 +0 100
2021-07-14  5  +63.8 +0 100
2021-07-15  5  +58.9 +0 100
2021-07-16  5  +31.4 +0 100
2021-07-19  3  -42.9 -1  90
2021-07-20  5  -55.3 -1  80
2021-07-21  5  -44.9 +0  80
2021-07-22  5  -33.8 +0  80
2021-07-23  5   -6.3 +0  80
2021-07-26  5  +19.6 +1  90
2021-07-27  5  +31.8 +1 100
2021-07-28  5  +31.3 +0 100
2021-07-29  5  +39.2 +0 100
2021-07-30  5  +24.5 +0 100
2021-08-02  5   +2.1 +0 100
2021-08-03  5   +3.8 +0 100
2021-08-04  4  -20.4 -1  90
2021-08-05  5  -17.5 -1  80
2021-08-06  5   -4.1 +0  80
2021-08-09  5   -2.5 +0  80
2021-08-10  5   +8.9 +1  90
2021-08-11  5  +31.7 +1 100
2021-08-12  5  +45.4 +0 100
2021-08-13  5  +50.9 +0 100
2021-08-16  5  +58.8 +0 100
2021-08-17  5  +37.0 +0 100
2021-08-18  4  -10.1 -1  90
2021-08-19  4  -49.4 -1  80
2021-08-20  5  -61.8 +0  80
2021-08-23  5  -54.2 +0  80
2021-08-24  5  -44.2 +0  80
2021-08-25  5  -31.9 +0  80
2021-08-26  5  -34.5 +0  80
2021-08-27  5  -15.3 +0  80
2021-08-30  5   -5.1 +0  80
2021-08-31  5   -3.7 +0  80
2021-09-01  5  -10.1 +0  80
2021-09-02  5   -7.4 +0  80
2021-09-03  5  -11.4 +0  80
2021-09-07  4  -33.6 -1  70
2021-09-08  4  -52.7 -1  60
2021-09-09  4  -76.3 +0  60
2021-09-10  3 -108.0 -1  50
2021-09-13  4 -106.0 +1  60
2021-09-14  3 -119.7 -1  50
2021-09-15  4 -105.6 +1  60
2021-09-16  3  -92.4 -1  50
2021-09-17  3  -87.2 -1  40
2021-09-20  3 -121.2 +0  40
2021-09-21  3 -140.6 +0  40
2021-09-22  3 -121.8 +0  40
2021-09-23  3  -66.6 +0  40
2021-09-24  4  -19.3 +1  50
2021-09-27  4  +21.1 +1  60
2021-09-28  3  +11.6 +0  60
2021-09-29  3  +14.5 +0  60
2021-09-30  3  -20.5 -1  50
2021-10-01  0  -12.3 -1  40
2021-10-04  0  -32.3 -1  30
2021-10-05  0  -23.2 -1  20
2021-10-06  0   -4.6 -1  10
2021-10-07  1  +37.4 +1  20
2021-10-08  1  +70.2 +1  30
2021-10-11  0  +73.5 -1  20
2021-10-12  0  +65.9 +0  20
2021-10-13  0  +54.5 +0  20
2021-10-14  2  +82.3 +1  30
2021-10-15  2 +122.3 +1  40
2021-10-18  2 +140.9 +1  50
2021-10-19  2 +160.5 +1  60
2021-10-20  2 +178.6 +0  60
2021-10-21  2 +182.7 +0  60
2021-10-22  2 +179.2 +0  60
2021-10-25  2 +167.5 +0  60
2021-10-26  2 +145.4 +0  60
2021-10-27  2 +100.1 +0  60
2021-10-28  2  +78.8 +0  60
2021-10-29  2  +63.2 +0  60
2021-11-01  2  +53.9 +0  60
2021-11-02  5  +53.0 +1  70
2021-11-03  5  +55.2 +1  80
2021-11-04  5  +49.7 +1  90
2021-11-05  5  +55.8 +1 100
2021-11-08  5  +62.4 +0 100
2021-11-09  5  +50.4 +0 100
2021-11-10  5  +18.3 +0 100
2021-11-11  5  -20.7 -1  90
2021-11-12  5  -38.3 -1  80
2021-11-15  5  -53.1 +0  80
2021-11-16  5  -59.5 +0  80
2021-11-17  5  -79.0 +0  80
2021-11-18  4  -94.1 -1  70
2021-11-19  4 -119.0 -1  60
2021-11-22  4 -129.5 +0  60
2021-11-23  4 -118.4 +0  60
2021-11-24  4 -108.1 +0  60
2021-11-26  3 -160.3 -1  50
2021-11-29  3 -172.1 -1  40
2021-11-30  3 -216.7 +0  40
2021-12-01  3 -269.1 +0  40
2021-12-02  3 -246.9 +0  40
2021-12-03  3 -222.3 +0  40
2021-12-06  4 -145.5 +1  50
2021-12-07  5  -43.6 +1  60
2021-12-08  5  +40.1 +1  70
2021-12-09  5  +97.6 +1  80
2021-12-10  5 +151.4 +1  90
2021-12-13  5 +155.9 +1 100
2021-12-14  4 +135.7 -1  90
2021-12-15  5 +137.4 +1 100
2021-12-16  5 +123.2 +0 100
2021-12-17  4  +66.9 -1  90
2021-12-20  3   -5.5 -1  80
2021-12-21  5  -15.1 +0  80
2021-12-22  5   -1.6 +0  80
2021-12-23  5  +24.8 +1  90
2021-12-27  5  +67.5 +1 100
2021-12-28  5 +100.3 +0 100
2021-12-29  5 +127.1 +0 100
2021-12-30  5 +135.0 +0 100
2021-12-31  5 +126.2 +0 100
2022-01-03  5 +122.9 +0 100
2022-01-04  5 +124.5 +0 100
2022-01-05  5  +87.2 +0 100
2022-01-06  5  +40.8 +0 100
2022-01-07  5   +4.3 +0 100
2022-01-10  5  -34.4 -1  90
2022-01-11  5  -47.7 -1  80
2022-01-12  5  -53.5 +0  80
2022-01-13  5  -69.6 +0  80
2022-01-14  4  -91.5 -1  70
2022-01-18  3 -138.3 -1  60
2022-01-19  3 -188.3 -1  50
2022-01-20  3 -236.8 -1  40
2022-01-21  3 -290.6 +0  40
2022-01-24  3 -306.4 +0  40
2022-01-25  3 -303.3 +0  40
2022-01-26  3 -288.9 +0  40
2022-01-27  3 -257.7 +0  40
2022-01-28  3 -174.7 +0  40
2022-01-31  3  -73.2 +0  40
2022-02-01  0  +25.7 -1  30
2022-02-02  1 +112.6 +1  40
2022-02-03  0 +130.6 -1  30
2022-02-04  0 +135.1 -1  20
2022-02-07  0 +130.1 +0  20
2022-02-08  1 +142.9 +1  30
2022-02-09  2 +161.4 +1  40
2022-02-10  0 +127.5 -1  30
2022-02-11  0  +62.8 -1  20
2022-02-14  0   +5.2 +0  20
2022-02-15  0   -0.7 -1  10
2022-02-16  0   -8.1 -1   0
2022-02-17  0  -56.5 +0   0
2022-02-18  0 -103.4 +0   0
2022-02-22  0 -160.9 +0   0
2022-02-23  0 -217.9 +0   0
2022-02-24  0 -234.8 +0   0
2022-02-25  0 -172.7 +0   0
2022-02-28  0 -129.4 +0   0
2022-03-01  0 -126.7 +0   0
2022-03-02  0  -66.3 +0   0
2022-03-03  0  -21.3 +0   0
2022-03-04  0   +3.9 +1  10
2022-03-07  0  -33.0 -1   0
2022-03-08  0  -72.0 +0   0
2022-03-09  0  -50.0 +0   0
2022-03-10  0  -33.4 +0   0
2022-03-11  0  -29.9 +0   0
2022-03-14  0  -23.7 +0   0
2022-03-15  0  +32.4 +1  10
2022-03-16  1 +114.9 +1  20
2022-03-17  1 +203.9 +1  30
2022-03-18  1 +276.0 +1  40
2022-03-21  1 +296.2 +0  40
2022-03-22  1 +315.5 +0  40
2022-03-23  1 +280.7 +0  40
2022-03-24  1 +262.5 +0  40
2022-03-25  1 +240.5 +0  40
2022-03-28  2 +215.5 +1  50
2022-03-29  2 +209.6 +1  60
2022-03-30  2 +190.7 +0  60
2022-03-31  1 +130.5 -1  50
2022-04-01  1  +90.6 -1  40
2022-04-04  2  +65.6 +1  50
2022-04-05  1  +20.4 -1  40
2022-04-06  1  -24.9 -1  30
2022-04-07  1  -50.7 -1  20
2022-04-08  1  -57.4 +0  20
2022-04-11  0  -86.1 -1  10
2022-04-12  0 -105.7 -1   0
2022-04-13  1  -91.3 +1  10
2022-04-14  0  -84.9 -1   0
2022-04-18  0  -77.5 +0   0
2022-04-19  2  -33.3 +1  10
2022-04-20  5  +15.7 +1  20
2022-04-21  5  +22.7 +1  30
2022-04-22  3  -42.4 +1  40
2022-04-25  3  -71.5 +0  40
2022-04-26  3 -149.4 +0  40
2022-04-27  3 -192.6 +0  40
2022-04-28  3 -170.5 +0  40
