2018-01-03   10  24850   248500  3751500  4000000 1.00 1.00
2018-01-04   20  24964   499280  3501860  4001140 1.01 1.00
2018-01-05   30  25114   753420  3250720  4004140 1.01 1.00
2018-01-08   40  25308  1012320  2997640  4009960 1.02 1.00
2018-01-09   50  25312  1265600  2744520  4010120 1.02 1.00
2018-01-10   60  25348  1520880  2491040  4011920 1.02 1.00
2018-01-11   70  25398  1777860  2237060  4014920 1.02 1.00
2018-01-12   80  25638  2051040  1980680  4031720 1.03 1.01
2018-01-16   90  25987  2338830  1720810  4059640 1.05 1.01
2018-01-17  100  25910  2591000  1461710  4052710 1.04 1.01
2018-01-18  100  26149  2614900  1461710  4076610 1.05 1.02
2018-01-19  100  25987  2598700  1461710  4060410 1.05 1.02
2018-01-22  100  26025  2602500  1461710  4064210 1.05 1.02
2018-01-23  100  26214  2621400  1461710  4083110 1.06 1.02
2018-01-24  100  26282  2628200  1461710  4089910 1.06 1.02
2018-01-25  100  26313  2631300  1461710  4093010 1.06 1.02
2018-01-26  100  26466  2646600  1461710  4108310 1.07 1.03
2018-01-29  100  26584  2658400  1461710  4120110 1.07 1.03
2018-01-30  100  26198  2619800  1461710  4081510 1.06 1.02
2018-01-31   90  26268  2364120  1724390  4088510 1.06 1.02
2018-02-01   80  26083  2086640  1985220  4071860 1.05 1.02
2018-02-02   80  26061  2084880  1985220  4070100 1.05 1.02
2018-02-05   70  25337  1773590  2238590  4012180 1.02 1.00
2018-02-06   60  24085  1445100  2479440  3924540 0.97 0.98
2018-02-07   60  24892  1493520  2479440  3972960 1.00 0.99
2018-02-08   60  24902  1494120  2479440  3973560 1.00 0.99
2018-02-09   50  23992  1199600  2719360  3918960 0.97 0.98
2018-02-12   40  24337   973480  2962730  3936210 0.98 0.98
2018-02-13   50  24540  1227000  2717330  3944330 0.99 0.99
2018-02-14   60  24535  1472100  2471980  3944080 0.99 0.99
2018-02-15   60  25047  1502820  2471980  3974800 1.01 0.99
2018-02-16   60  25165  1509900  2471980  3981880 1.01 1.00
2018-02-20   60  25124  1507440  2471980  3979420 1.01 0.99
2018-02-21   70  24988  1749160  2222100  3971260 1.01 0.99
2018-02-22   80  24855  1988400  1973550  3961950 1.00 0.99
2018-02-23   80  25050  2004000  1973550  3977550 1.01 0.99
2018-02-26   80  25403  2032240  1973550  4005790 1.02 1.00
2018-02-27   90  25735  2316150  1716200  4032350 1.04 1.01
2018-02-28  100  25485  2548500  1461350  4009850 1.03 1.00
2018-03-01   90  25024  2252160  1711590  3963750 1.01 0.99
2018-03-02   80  24394  1951520  1955530  3907050 0.98 0.98
2018-03-05   70  24471  1712970  2200240  3913210 0.99 0.98
2018-03-06   60  24965  1497900  2449890  3947790 1.01 0.99
2018-03-07   60  24758  1485480  2449890  3935370 1.00 0.98
2018-03-08   50  24853  1242650  2698420  3941070 1.00 0.99
2018-03-09   40  25004  1000160  2948460  3948620 1.01 0.99
2018-03-12   50  25372  1268600  2694740  3963340 1.02 0.99
2018-03-13   60  25257  1515420  2442170  3957590 1.02 0.99
2018-03-14   60  25086  1505160  2442170  3947330 1.01 0.99
2018-03-15   50  24837  1241850  2690540  3932390 1.00 0.98
2018-03-16   40  24877   995080  2939310  3934390 1.00 0.98
2018-03-19   40  24893   995720  2939310  3935030 1.00 0.98
2018-03-20   30  24650   739500  3185810  3925310 0.99 0.98
2018-03-21   20  24723   494460  3433040  3927500 1.00 0.98
2018-03-22   10  24526   245260  3678300  3923560 0.99 0.98
2018-03-23    0  23995        0  3918250  3918250 0.97 0.98
2018-03-26    0  23825        0  3918250  3918250 0.96 0.98
2018-03-27    0  24276        0  3918250  3918250 0.98 0.98
2018-03-28    0  23883        0  3918250  3918250 0.96 0.98
2018-03-29    0  23949        0  3918250  3918250 0.97 0.98
2018-04-02    0  24076        0  3918250  3918250 0.97 0.98
2018-04-03    0  23698        0  3918250  3918250 0.96 0.98
2018-04-04    0  23654        0  3918250  3918250 0.95 0.98
2018-04-05    0  24313        0  3918250  3918250 0.98 0.98
2018-04-06   10  24373   243730  3674520  3918250 0.98 0.98
2018-04-09   20  24037   480740  3434150  3914890 0.97 0.98
2018-04-10   20  24198   483960  3434150  3918110 0.98 0.98
2018-04-11   20  24274   485480  3434150  3919630 0.98 0.98
2018-04-12   20  24302   486040  3434150  3920190 0.98 0.98
2018-04-13   30  24582   737460  3188330  3925790 0.99 0.98
2018-04-16   20  24483   489660  3433160  3922820 0.99 0.98
2018-04-17   30  24681   740430  3186350  3926780 0.99 0.98
2018-04-18   40  24820   992800  2938150  3930950 1.00 0.98
2018-04-19   40  24711   988440  2938150  3926590 1.00 0.98
2018-04-20   40  24657   986280  2938150  3924430 0.99 0.98
2018-04-23   40  24488   979520  2938150  3917670 0.99 0.98
2018-04-24   40  24579   983160  2938150  3921310 0.99 0.98
2018-04-25   30  24070   722100  3178850  3900950 0.97 0.98
2018-04-26   20  24128   482560  3420130  3902690 0.97 0.98
2018-04-27   20  24342   486840  3420130  3906970 0.98 0.98
2018-04-30   20  24410   488200  3420130  3908330 0.98 0.98
2018-05-01   10  24117   241170  3661300  3902470 0.97 0.98
2018-05-02    0  24097        0  3902270  3902270 0.97 0.98
2018-05-03    0  23836        0  3902270  3902270 0.96 0.98
2018-05-04    0  23865        0  3902270  3902270 0.96 0.98
2018-05-07    0  24317        0  3902270  3902270 0.98 0.98
2018-05-08   10  24341   243410  3658860  3902270 0.98 0.98
2018-05-09   20  24399   487980  3414870  3902850 0.98 0.98
2018-05-10   30  24591   737730  3168960  3906690 0.99 0.98
2018-05-11   40  24758   990320  2921380  3911700 1.00 0.98
2018-05-14   50  24879  1243950  2672590  3916540 1.00 0.98
2018-05-15   60  24809  1488540  2424500  3913040 1.00 0.98
2018-05-16   60  24722  1483320  2424500  3907820 1.00 0.98
2018-05-17   60  24752  1485120  2424500  3909620 1.00 0.98
2018-05-18   60  24707  1482420  2424500  3906920 1.00 0.98
2018-05-21   60  24883  1492980  2424500  3917480 1.00 0.98
2018-05-22   60  25047  1502820  2424500  3927320 1.01 0.98
2018-05-23   60  24757  1485420  2424500  3909920 1.00 0.98
2018-05-24   60  24877  1492620  2424500  3917120 1.00 0.98
2018-05-25   60  24781  1486860  2424500  3911360 1.00 0.98
2018-05-29   60  24606  1476360  2424500  3900860 0.99 0.98
2018-05-30   50  24467  1223350  2669170  3892520 0.99 0.97
2018-05-31   40  24620   984800  2915370  3900170 0.99 0.98
2018-06-01   30  24542   736260  3160790  3897050 0.99 0.97
2018-06-04   40  24727   989080  2913520  3902600 1.00 0.98
2018-06-05   40  24820   992800  2913520  3906320 1.00 0.98
2018-06-06   50  24854  1242700  2664980  3907680 1.00 0.98
2018-06-07   60  25192  1511520  2413060  3924580 1.02 0.98
2018-06-08   70  25209  1764630  2160970  3925600 1.02 0.98
2018-06-11   80  25336  2026880  1907610  3934490 1.02 0.98
2018-06-12   90  25346  2281140  1654150  3935290 1.02 0.98
2018-06-13  100  25328  2532800  1400870  3933670 1.02 0.98
2018-06-14  100  25254  2525400  1400870  3926270 1.02 0.98
2018-06-15  100  25116  2511600  1400870  3912470 1.01 0.98
2018-06-18  100  24944  2494400  1400870  3895270 1.01 0.97
2018-06-19   90  24763  2228670  1648500  3877170 1.00 0.97
2018-06-20   80  24771  1981680  1896210  3877890 1.00 0.97
2018-06-21   70  24639  1724730  2142600  3867330 0.99 0.97
2018-06-22   60  24526  1471560  2387860  3859420 0.99 0.96
2018-06-25   60  24463  1467780  2387860  3855640 0.99 0.96
2018-06-26   50  24281  1214050  2630670  3844720 0.98 0.96
2018-06-27   40  24303   972120  2873700  3845820 0.98 0.96
2018-06-28   40  24064   962560  2873700  3836260 0.97 0.96
2018-06-29   40  24323   972920  2873700  3846620 0.98 0.96
2018-07-02   40  24161   966440  2873700  3840140 0.97 0.96
2018-07-03   40  24359   974360  2873700  3848060 0.98 0.96
2018-07-05   40  24285   971400  2873700  3845100 0.98 0.96
2018-07-06   40  24352   974080  2873700  3847780 0.98 0.96
2018-07-09   40  24519   980760  2873700  3854460 0.99 0.96
2018-07-10   50  24806  1240300  2625640  3865940 1.00 0.97
2018-07-11   60  24789  1487340  2377750  3865090 1.00 0.97
2018-07-12   70  24802  1736140  2129730  3865870 1.00 0.97
2018-07-13   80  24926  1994080  1880470  3874550 1.00 0.97
2018-07-16   90  25025  2252250  1630220  3882470 1.01 0.97
2018-07-17  100  25033  2503300  1379890  3883190 1.01 0.97
2018-07-18  100  25133  2513300  1379890  3893190 1.01 0.97
2018-07-19  100  25139  2513900  1379890  3893790 1.01 0.97
2018-07-20  100  25041  2504100  1379890  3883990 1.01 0.97
2018-07-23  100  25036  2503600  1379890  3883490 1.01 0.97
2018-07-24  100  25092  2509200  1379890  3889090 1.01 0.97
2018-07-25  100  25183  2518300  1379890  3898190 1.02 0.97
2018-07-26  100  25468  2546800  1379890  3926690 1.03 0.98
2018-07-27  100  25520  2552000  1379890  3931890 1.03 0.98
2018-07-30  100  25439  2543900  1379890  3923790 1.03 0.98
2018-07-31  100  25345  2534500  1379890  3914390 1.02 0.98
2018-08-01  100  25461  2546100  1379890  3925990 1.03 0.98
2018-08-02  100  25256  2525600  1379890  3905490 1.02 0.98
2018-08-03  100  25360  2536000  1379890  3915890 1.02 0.98
2018-08-06  100  25437  2543700  1379890  3923590 1.03 0.98
2018-08-07  100  25551  2555100  1379890  3934990 1.03 0.98
2018-08-08  100  25615  2561500  1379890  3941390 1.03 0.99
2018-08-09  100  25589  2558900  1379890  3938790 1.03 0.98
2018-08-10  100  25401  2540100  1379890  3919990 1.02 0.98
2018-08-13   90  25327  2279430  1633160  3912590 1.02 0.98
2018-08-14   80  25215  2017200  1885310  3902510 1.02 0.98
2018-08-15   80  25235  2018800  1885310  3904110 1.02 0.98
2018-08-16   70  25294  1770580  2138250  3908830 1.02 0.98
2018-08-17   80  25550  2044000  1882750  3926750 1.03 0.98
2018-08-20   80  25727  2058160  1882750  3940910 1.04 0.99
2018-08-21   80  25786  2062880  1882750  3945630 1.04 0.99
2018-08-22   90  25825  2324250  1624500  3948750 1.04 0.99
2018-08-23  100  25714  2571400  1367360  3938760 1.04 0.98
2018-08-24  100  25688  2568800  1367360  3936160 1.04 0.98
2018-08-27  100  25882  2588200  1367360  3955560 1.04 0.99
2018-08-28  100  26092  2609200  1367360  3976560 1.05 0.99
2018-08-29  100  26082  2608200  1367360  3975560 1.05 0.99
2018-08-30  100  26099  2609900  1367360  3977260 1.05 0.99
2018-08-31  100  25964  2596400  1367360  3963760 1.05 0.99
2018-09-04  100  25916  2591600  1367360  3958960 1.04 0.99
2018-09-05  100  25919  2591900  1367360  3959260 1.04 0.99
2018-09-06  100  25973  2597300  1367360  3964660 1.05 0.99
2018-09-07   90  25951  2335590  1626870  3962460 1.05 0.99
2018-09-10   80  25991  2079280  1886780  3966060 1.05 0.99
2018-09-11   80  25841  2067280  1886780  3954060 1.04 0.99
2018-09-12   80  25989  2079120  1886780  3965900 1.05 0.99
2018-09-13   80  26083  2086640  1886780  3973420 1.05 0.99
2018-09-14   80  26169  2093520  1886780  3980300 1.05 1.00
2018-09-17   80  26151  2092080  1886780  3978860 1.05 0.99
2018-09-18   80  26076  2086080  1886780  3972860 1.05 0.99
2018-09-19   80  26287  2102960  1886780  3989740 1.06 1.00
2018-09-20   90  26519  2386710  1621590  4008300 1.07 1.00
2018-09-21  100  26726  2672600  1354330  4026930 1.08 1.01
2018-09-24  100  26705  2670500  1354330  4024830 1.08 1.01
2018-09-25  100  26601  2660100  1354330  4014430 1.07 1.00
2018-09-26  100  26536  2653600  1354330  4007930 1.07 1.00
2018-09-27  100  26418  2641800  1354330  3996130 1.06 1.00
2018-09-28  100  26407  2640700  1354330  3995030 1.06 1.00
2018-10-01   90  26598  2393820  1620310  4014130 1.07 1.00
2018-10-02   80  26648  2131840  1886790  4018630 1.07 1.00
2018-10-03   90  26833  2414970  1618460  4033430 1.08 1.01
2018-10-04  100  26784  2678400  1350620  4029020 1.08 1.01
2018-10-05  100  26632  2663200  1350620  4013820 1.07 1.00
2018-10-08   90  26399  2375910  1614610  3990520 1.06 1.00
2018-10-09   80  26469  2117520  1879300  3996820 1.07 1.00
2018-10-10   80  26441  2115280  1879300  3994580 1.07 1.00
2018-10-11   70  25518  1786260  2134480  3920740 1.03 0.98
2018-10-12   60  25407  1524420  2388550  3912970 1.02 0.98
2018-10-15   50  25332  1266600  2641870  3908470 1.02 0.98
2018-10-16   40  25351  1014040  2895380  3909420 1.02 0.98
2018-10-17   50  25705  1285250  2638330  3923580 1.04 0.98
2018-10-18   60  25645  1538700  2381880  3920580 1.03 0.98
2018-10-19   50  25421  1271050  2636090  3907140 1.02 0.98
2018-10-22   40  25492  1019680  2891010  3910690 1.03 0.98
2018-10-23   40  25038  1001520  2891010  3892530 1.01 0.97
2018-10-24   40  25172  1006880  2891010  3897890 1.01 0.97
2018-10-25   40  24736   989440  2891010  3880450 1.00 0.97
2018-10-26   40  24770   990800  2891010  3881810 1.00 0.97
2018-10-29   40  24818   992720  2891010  3883730 1.00 0.97
2018-10-30   40  24482   979280  2891010  3870290 0.99 0.97
2018-10-31   30  25008   750240  3141090  3891330 1.01 0.97
2018-11-01   20  25142   502840  3392510  3895350 1.01 0.97
2018-11-02   20  25443   508860  3392510  3901370 1.03 0.98
2018-11-05   20  25261   505220  3392510  3897730 1.02 0.97
2018-11-06   20  25452   509040  3392510  3901550 1.03 0.98
2018-11-07   30  25788   773640  3134630  3908270 1.04 0.98
2018-11-08   40  26139  1045560  2873240  3918800 1.05 0.98
2018-11-09   50  26149  1307450  2611750  3919200 1.05 0.98
2018-11-12   60  25959  1557540  2352160  3909700 1.05 0.98
2018-11-13   50  25321  1266050  2605370  3871420 1.02 0.97
2018-11-14   40  25388  1015520  2859250  3874770 1.02 0.97
2018-11-15   30  25061   751830  3109860  3861690 1.01 0.97
2018-11-16   20  25242   504840  3362280  3867120 1.02 0.97
2018-11-19   20  25392   507840  3362280  3870120 1.02 0.97
2018-11-20   10  24618   246180  3608460  3854640 0.99 0.96
2018-11-21    0  24541        0  3853870  3853870 0.99 0.96
2018-11-23    0  24336        0  3853870  3853870 0.98 0.96
2018-11-26    0  24364        0  3853870  3853870 0.98 0.96
2018-11-27    0  24557        0  3853870  3853870 0.99 0.96
2018-11-28    0  24832        0  3853870  3853870 1.00 0.96
2018-11-29   10  25343   253430  3600440  3853870 1.02 0.96
2018-11-30   20  25307   506140  3347370  3853510 1.02 0.96
2018-12-03   30  25779   773370  3089580  3862950 1.04 0.97
2018-12-04   40  25752  1030080  2832060  3862140 1.04 0.97
2018-12-06   30  24737   742110  3079430  3821540 1.00 0.96
2018-12-07   20  24918   498360  3328610  3826970 1.00 0.96
2018-12-10   20  24360   487200  3328610  3815810 0.98 0.95
2018-12-11   10  24719   247190  3575800  3822990 1.00 0.96
2018-12-12    0  24509        0  3820890  3820890 0.99 0.96
2018-12-13    0  24575        0  3820890  3820890 0.99 0.96
2018-12-14    0  24408        0  3820890  3820890 0.98 0.96
2018-12-17    0  23986        0  3820890  3820890 0.97 0.96
2018-12-18    0  23769        0  3820890  3820890 0.96 0.96
2018-12-19    0  23693        0  3820890  3820890 0.96 0.96
2018-12-20    0  23224        0  3820890  3820890 0.94 0.96
2018-12-21    0  22871        0  3820890  3820890 0.92 0.96
2018-12-24    0  22317        0  3820890  3820890 0.90 0.96
2018-12-26    0  21857        0  3820890  3820890 0.88 0.96
2018-12-27    0  22629        0  3820890  3820890 0.91 0.96
2018-12-28    0  23213        0  3820890  3820890 0.94 0.96
2018-12-31    0  23153        0  3820890  3820890 0.93 0.96
2019-01-02    0  23058        0  3820890  3820890 0.93 0.96
2019-01-03   10  23176   231760  3589130  3820890 0.93 0.96
2019-01-04   20  22894   457880  3360190  3818070 0.92 0.95
2019-01-07   20  23474   469480  3360190  3829670 0.95 0.96
2019-01-08   20  23680   473600  3360190  3833790 0.95 0.96
2019-01-09   30  23844   715320  3121750  3837070 0.96 0.96
2019-01-10   40  23811   952440  2883640  3836080 0.96 0.96
2019-01-11   40  23940   957600  2883640  3841240 0.96 0.96
2019-01-14   40  23880   955200  2883640  3838840 0.96 0.96
2019-01-15   40  23914   956560  2883640  3840200 0.96 0.96
2019-01-16   40  24139   965560  2883640  3849200 0.97 0.96
2019-01-17   40  24147   965880  2883640  3849520 0.97 0.96
2019-01-18   40  24534   981360  2883640  3865000 0.99 0.97
2019-01-22   40  24607   984280  2883640  3867920 0.99 0.97
2019-01-23   40  24577   983080  2883640  3866720 0.99 0.97
2019-01-24   40  24579   983160  2883640  3866800 0.99 0.97
2019-01-25   40  24687   987480  2883640  3871120 1.00 0.97
2019-01-28   50  24596  1229800  2637680  3867480 0.99 0.97
2019-01-29   40  24519   980760  2882870  3863630 0.99 0.97
2019-01-30   50  24826  1241300  2634610  3875910 1.00 0.97
2019-01-31   60  24954  1497240  2385070  3882310 1.01 0.97
2019-02-01   60  25025  1501500  2385070  3886570 1.01 0.97
2019-02-04   60  25062  1503720  2385070  3888790 1.01 0.97
2019-02-05   60  25287  1517220  2385070  3902290 1.02 0.98
2019-02-06   60  25371  1522260  2385070  3907330 1.02 0.98
2019-02-07   60  25265  1515900  2385070  3900970 1.02 0.98
2019-02-08   60  25042  1502520  2385070  3887590 1.01 0.97
2019-02-11   60  25142  1508520  2385070  3893590 1.01 0.97
2019-02-12   70  25152  1760640  2133550  3894190 1.01 0.97
2019-02-13   80  25480  2038400  1878750  3917150 1.03 0.98
2019-02-14   90  25460  2291400  1624150  3915550 1.03 0.98
2019-02-15  100  25564  2556400  1368510  3924910 1.03 0.98
2019-02-19  100  25849  2584900  1368510  3953410 1.04 0.99
2019-02-20  100  25872  2587200  1368510  3955710 1.04 0.99
2019-02-21  100  25922  2592200  1368510  3960710 1.04 0.99
2019-02-22  100  25906  2590600  1368510  3959110 1.04 0.99
2019-02-25  100  26126  2612600  1368510  3981110 1.05 1.00
2019-02-26  100  26051  2605100  1368510  3973610 1.05 0.99
2019-02-27  100  25995  2599500  1368510  3968010 1.05 0.99
2019-02-28  100  25984  2598400  1368510  3966910 1.05 0.99
2019-03-01   90  26019  2341710  1628700  3970410 1.05 0.99
2019-03-04   80  26122  2089760  1889920  3979680 1.05 0.99
2019-03-05   80  25829  2066320  1889920  3956240 1.04 0.99
2019-03-06   80  25818  2065440  1889920  3955360 1.04 0.99
2019-03-07   80  25645  2051600  1889920  3941520 1.03 0.99
2019-03-08   70  25347  1774290  2143390  3917680 1.02 0.98
2019-03-11   60  25208  1512480  2395470  3907950 1.02 0.98
2019-03-12   60  25600  1536000  2395470  3931470 1.03 0.98
2019-03-13   60  25637  1538220  2395470  3933690 1.03 0.98
2019-03-14   70  25692  1798440  2138550  3936990 1.04 0.98
2019-03-15   80  25720  2057600  1881350  3938950 1.04 0.98
2019-03-18   80  25801  2064080  1881350  3945430 1.04 0.99
2019-03-19   80  25987  2078960  1881350  3960310 1.05 0.99
2019-03-20   80  25867  2069360  1881350  3950710 1.04 0.99
2019-03-21   70  25688  1798160  2138230  3936390 1.04 0.98
2019-03-22   80  25844  2067520  1879790  3947310 1.04 0.99
2019-03-25   70  25490  1784300  2134690  3918990 1.03 0.98
2019-03-26   60  25649  1538940  2391180  3930120 1.03 0.98
2019-03-27   60  25676  1540560  2391180  3931740 1.03 0.98
2019-03-28   60  25693  1541580  2391180  3932760 1.04 0.98
2019-03-29   60  25827  1549620  2391180  3940800 1.04 0.99
2019-04-01   70  26075  1825250  2130430  3955680 1.05 0.99
2019-04-02   80  26213  2097040  1868300  3965340 1.06 0.99
2019-04-03   90  26238  2361420  1605920  3967340 1.06 0.99
2019-04-04  100  26213  2621300  1343790  3965090 1.06 0.99
2019-04-05  100  26427  2642700  1343790  3986490 1.07 1.00
2019-04-08  100  26312  2631200  1343790  3974990 1.06 0.99
2019-04-09  100  26243  2624300  1343790  3968090 1.06 0.99
2019-04-10  100  26173  2617300  1343790  3961090 1.05 0.99
2019-04-11  100  26188  2618800  1343790  3962590 1.06 0.99
2019-04-12  100  26357  2635700  1343790  3979490 1.06 0.99
2019-04-15  100  26407  2640700  1343790  3984490 1.06 1.00
2019-04-16  100  26482  2648200  1343790  3991990 1.07 1.00
2019-04-17  100  26468  2646800  1343790  3990590 1.07 1.00
2019-04-18  100  26463  2646300  1343790  3990090 1.07 1.00
2019-04-22  100  26510  2651000  1343790  3994790 1.07 1.00
2019-04-23  100  26513  2651300  1343790  3995090 1.07 1.00
2019-04-24  100  26652  2665200  1343790  4008990 1.07 1.00
2019-04-25  100  26426  2642600  1343790  3986390 1.07 1.00
2019-04-26  100  26454  2645400  1343790  3989190 1.07 1.00
2019-04-29   90  26559  2390310  1609380  3999690 1.07 1.00
2019-04-30   80  26594  2127520  1875320  4002840 1.07 1.00
2019-05-01   80  26639  2131120  1875320  4006440 1.07 1.00
2019-05-02   80  26407  2112560  1875320  3987880 1.06 1.00
2019-05-03   70  26379  1846530  2139110  3985640 1.06 1.00
2019-05-06   80  26160  2092800  1877510  3970310 1.05 0.99
2019-05-07   80  26276  2102080  1877510  3979590 1.06 0.99
2019-05-08   70  25933  1815310  2136840  3952150 1.05 0.99
2019-05-09   60  25878  1552680  2395620  3948300 1.04 0.99
2019-05-10   50  25763  1288150  2653250  3941400 1.04 0.99
2019-05-13   60  25568  1534080  2397570  3931650 1.03 0.98
2019-05-14   50  25384  1269200  2651410  3920610 1.02 0.98
2019-05-15   40  25400  1016000  2905410  3921410 1.02 0.98
2019-05-16   40  25692  1027680  2905410  3933090 1.04 0.98
2019-05-17   40  25719  1028760  2905410  3934170 1.04 0.98
2019-05-20   40  25655  1026200  2905410  3931610 1.03 0.98
2019-05-21   40  25782  1031280  2905410  3936690 1.04 0.98
2019-05-22   40  25818  1032720  2905410  3938130 1.04 0.98
2019-05-23   40  25657  1026280  2905410  3931690 1.03 0.98
2019-05-24   40  25551  1022040  2905410  3927450 1.03 0.98
2019-05-28   40  25616  1024640  2905410  3930050 1.03 0.98
2019-05-29   40  25231  1009240  2905410  3914650 1.02 0.98
2019-05-30   40  25139  1005560  2905410  3910970 1.01 0.98
2019-05-31   30  25046   751380  3155870  3907250 1.01 0.98
2019-06-03   20  24830   496600  3404170  3900770 1.00 0.98
2019-06-04   10  24962   249620  3653790  3903410 1.01 0.98
2019-06-05    0  25451        0  3908300  3908300 1.03 0.98
2019-06-06    0  25567        0  3908300  3908300 1.03 0.98
2019-06-07   10  25768   257680  3650620  3908300 1.04 0.98
2019-06-10   20  26090   521800  3389720  3911520 1.05 0.98
2019-06-11   30  26180   785400  3127920  3913320 1.06 0.98
2019-06-12   40  26040  1041600  2867520  3909120 1.05 0.98
2019-06-13   50  26036  1301800  2607160  3908960 1.05 0.98
2019-06-14   60  26076  1564560  2346400  3910960 1.05 0.98
2019-06-17   60  26108  1566480  2346400  3912880 1.05 0.98
2019-06-18   60  26228  1573680  2346400  3920080 1.06 0.98
2019-06-19   60  26490  1589400  2346400  3935800 1.07 0.98
2019-06-20   60  26665  1599900  2346400  3946300 1.07 0.99
2019-06-21   60  26749  1604940  2346400  3951340 1.08 0.99
2019-06-24   60  26727  1603620  2346400  3950020 1.08 0.99
2019-06-25   60  26731  1603860  2346400  3950260 1.08 0.99
2019-06-26   60  26599  1595940  2346400  3942340 1.07 0.99
2019-06-27   60  26523  1591380  2346400  3937780 1.07 0.98
2019-06-28   60  26605  1596300  2346400  3942700 1.07 0.99
2019-07-01   60  26805  1608300  2346400  3954700 1.08 0.99
2019-07-02   60  26719  1603140  2346400  3949540 1.08 0.99
2019-07-03   70  26832  1878240  2078080  3956320 1.08 0.99
2019-07-05   80  26867  2149360  1809410  3958770 1.08 0.99
2019-07-08   90  26835  2415150  1541060  3956210 1.08 0.99
2019-07-09  100  26725  2672500  1273810  3946310 1.08 0.99
2019-07-10  100  26851  2685100  1273810  3958910 1.08 0.99
2019-07-11   90  26950  2425500  1543310  3968810 1.09 0.99
2019-07-12  100  27139  2713900  1271920  3985820 1.09 1.00
2019-07-15  100  27364  2736400  1271920  4008320 1.10 1.00
2019-07-16  100  27349  2734900  1271920  4006820 1.10 1.00
2019-07-17  100  27320  2732000  1271920  4003920 1.10 1.00
2019-07-18  100  27191  2719100  1271920  3991020 1.10 1.00
2019-07-19  100  27246  2724600  1271920  3996520 1.10 1.00
2019-07-22  100  27174  2717400  1271920  3989320 1.10 1.00
2019-07-23   90  27231  2450790  1544230  3995020 1.10 1.00
2019-07-24   80  27262  2180960  1816850  3997810 1.10 1.00
2019-07-25   80  27247  2179760  1816850  3996610 1.10 1.00
2019-07-26   80  27166  2173280  1816850  3990130 1.10 1.00
2019-07-29   80  27192  2175360  1816850  3992210 1.10 1.00
2019-07-30   80  27145  2171600  1816850  3988450 1.09 1.00
2019-07-31   80  27244  2179520  1816850  3996370 1.10 1.00
2019-08-01   70  26879  1881530  2085640  3967170 1.08 0.99
2019-08-02   60  26528  1591680  2350920  3942600 1.07 0.99
2019-08-05   60  26259  1575540  2350920  3926460 1.06 0.98
2019-08-06   50  25810  1290500  2609020  3899520 1.04 0.97
2019-08-07   40  25814  1032560  2867160  3899720 1.04 0.97
2019-08-08   40  26086  1043440  2867160  3910600 1.05 0.98
2019-08-09   50  26337  1316850  2603790  3920640 1.06 0.98
2019-08-12   40  26169  1046760  2865480  3912240 1.05 0.98
2019-08-13   40  25888  1035520  2865480  3901000 1.04 0.98
2019-08-14   40  26035  1041400  2865480  3906880 1.05 0.98
2019-08-15   40  25514  1020560  2865480  3886040 1.03 0.97
2019-08-16   40  25678  1027120  2865480  3892600 1.04 0.97
2019-08-19   40  26020  1040800  2865480  3906280 1.05 0.98
2019-08-20   40  26086  1043440  2865480  3908920 1.05 0.98
2019-08-21   40  26145  1045800  2865480  3911280 1.05 0.98
2019-08-22   50  26271  1313550  2602770  3916320 1.06 0.98
2019-08-23   60  26134  1568040  2341430  3909470 1.05 0.98
2019-08-26   60  25826  1549560  2341430  3890990 1.04 0.97
2019-08-27   60  26014  1560840  2341430  3902270 1.05 0.98
2019-08-28   60  25712  1542720  2341430  3884150 1.04 0.97
2019-08-29   50  26249  1312450  2603920  3916370 1.06 0.98
2019-08-30   60  26476  1588560  2339160  3927720 1.07 0.98
2019-09-03   60  26198  1571880  2339160  3911040 1.06 0.98
2019-09-04   50  26301  1315050  2602170  3917220 1.06 0.98
2019-09-05   60  26603  1596180  2336140  3932320 1.07 0.98
2019-09-06   60  26790  1607400  2336140  3943540 1.08 0.99
2019-09-09   60  26866  1611960  2336140  3948100 1.08 0.99
2019-09-10   60  26805  1608300  2336140  3944440 1.08 0.99
2019-09-11   60  26928  1615680  2336140  3951820 1.09 0.99
2019-09-12   60  27197  1631820  2336140  3967960 1.10 0.99
2019-09-13   60  27216  1632960  2336140  3969100 1.10 0.99
2019-09-16   60  27146  1628760  2336140  3964900 1.09 0.99
2019-09-17   60  27010  1620600  2336140  3956740 1.09 0.99
2019-09-18   60  27075  1624500  2336140  3960640 1.09 0.99
2019-09-19   60  27186  1631160  2336140  3967300 1.10 0.99
2019-09-20   60  27102  1626120  2336140  3962260 1.09 0.99
2019-09-23   60  26851  1611060  2336140  3947200 1.08 0.99
2019-09-24   50  27034  1351700  2606480  3958180 1.09 0.99
2019-09-25   40  26866  1074640  2875140  3949780 1.08 0.99
2019-09-26   50  27004  1350200  2605100  3955300 1.09 0.99
2019-09-27   60  26987  1619220  2335230  3954450 1.09 0.99
2019-09-30   70  26852  1879640  2066710  3946350 1.08 0.99
2019-10-01   80  26962  2156960  1797090  3954050 1.09 0.99
2019-10-02   70  26425  1849750  2061340  3911090 1.07 0.98
2019-10-03   60  26039  1562340  2321730  3884070 1.05 0.97
2019-10-04   50  26271  1313550  2584440  3897990 1.06 0.97
2019-10-07   40  26502  1060080  2849460  3909540 1.07 0.98
2019-10-08   40  26276  1051040  2849460  3900500 1.06 0.98
2019-10-09   40  26308  1052320  2849460  3901780 1.06 0.98
2019-10-10   40  26317  1052680  2849460  3902140 1.06 0.98
2019-10-11   40  26694  1067760  2849460  3917220 1.08 0.98
2019-10-14   50  26766  1338300  2581800  3920100 1.08 0.98
2019-10-15   60  26811  1608660  2313690  3922350 1.08 0.98
2019-10-16   70  26972  1888040  2043970  3932010 1.09 0.98
2019-10-17   80  27032  2162560  1773650  3936210 1.09 0.98
2019-10-18   90  27004  2430360  1503610  3933970 1.09 0.98
2019-10-21  100  26852  2685200  1235090  3920290 1.08 0.98
2019-10-22  100  26850  2685000  1235090  3920090 1.08 0.98
2019-10-23  100  26835  2683500  1235090  3918590 1.08 0.98
2019-10-24  100  26893  2689300  1235090  3924390 1.08 0.98
2019-10-25  100  26789  2678900  1235090  3913990 1.08 0.98
2019-10-28  100  27040  2704000  1235090  3939090 1.09 0.98
2019-10-29  100  27061  2706100  1235090  3941190 1.09 0.99
2019-10-30  100  27110  2711000  1235090  3946090 1.09 0.99
2019-10-31  100  27188  2718800  1235090  3953890 1.10 0.99
2019-11-01  100  27142  2714200  1235090  3949290 1.09 0.99
2019-11-04  100  27402  2740200  1235090  3975290 1.10 0.99
2019-11-05  100  27500  2750000  1235090  3985090 1.11 1.00
2019-11-06  100  27502  2750200  1235090  3985290 1.11 1.00
2019-11-07  100  27590  2759000  1235090  3994090 1.11 1.00
2019-11-08  100  27686  2768600  1235090  4003690 1.12 1.00
2019-11-11  100  27580  2758000  1235090  3993090 1.11 1.00
2019-11-12  100  27701  2770100  1235090  4005190 1.12 1.00
2019-11-13  100  27622  2762200  1235090  3997290 1.11 1.00
2019-11-14  100  27757  2775700  1235090  4010790 1.12 1.00
2019-11-15  100  27843  2784300  1235090  4019390 1.12 1.00
2019-11-18  100  27993  2799300  1235090  4034390 1.13 1.01
2019-11-19  100  28079  2807900  1235090  4042990 1.13 1.01
2019-11-20  100  27879  2787900  1235090  4022990 1.12 1.01
2019-11-21  100  27820  2782000  1235090  4017090 1.12 1.00
2019-11-22   90  27831  2504790  1513400  4018190 1.12 1.00
2019-11-25   80  27917  2233360  1792570  4025930 1.13 1.01
2019-11-26   80  28080  2246400  1792570  4038970 1.13 1.01
2019-11-27   80  28156  2252480  1792570  4045050 1.13 1.01
2019-11-29   80  28103  2248240  1792570  4040810 1.13 1.01
2019-12-02   80  28109  2248720  1792570  4041290 1.13 1.01
2019-12-03   80  27501  2200080  1792570  3992650 1.11 1.00
2019-12-04   70  27634  1934380  2068910  4003290 1.11 1.00
2019-12-05   60  27736  1664160  2346270  4010430 1.12 1.00
2019-12-06   60  27839  1670340  2346270  4016610 1.12 1.00
2019-12-09   70  27987  1959090  2066400  4025490 1.13 1.01
2019-12-10   80  27900  2232000  1787400  4019400 1.12 1.00
2019-12-11   80  27867  2229360  1787400  4016760 1.12 1.00
2019-12-12   80  27898  2231840  1787400  4019240 1.12 1.00
2019-12-13   80  28123  2249840  1787400  4037240 1.13 1.01
2019-12-16   90  28191  2537190  1505490  4042680 1.14 1.01
2019-12-17  100  28221  2822100  1223280  4045380 1.14 1.01
2019-12-18  100  28291  2829100  1223280  4052380 1.14 1.01
2019-12-19  100  28278  2827800  1223280  4051080 1.14 1.01
2019-12-20  100  28608  2860800  1223280  4084080 1.15 1.02
2019-12-23  100  28491  2849100  1223280  4072380 1.15 1.02
2019-12-24  100  28572  2857200  1223280  4080480 1.15 1.02
2019-12-26  100  28539  2853900  1223280  4077180 1.15 1.02
2019-12-27  100  28675  2867500  1223280  4090780 1.16 1.02
2019-12-30  100  28654  2865400  1223280  4088680 1.15 1.02
2019-12-31  100  28414  2841400  1223280  4064680 1.15 1.02
2020-01-02  100  28638  2863800  1223280  4087080 1.15 1.02
2020-01-03  100  28553  2855300  1223280  4078580 1.15 1.02
2020-01-06  100  28465  2846500  1223280  4069780 1.15 1.02
2020-01-07  100  28639  2863900  1223280  4087180 1.15 1.02
2020-01-08   90  28556  2570040  1508840  4078880 1.15 1.02
2020-01-09   80  28851  2308080  1797350  4105430 1.16 1.03
2020-01-10   90  28977  2607930  1507580  4115510 1.17 1.03
2020-01-13  100  28869  2886900  1218890  4105790 1.16 1.03
2020-01-14  100  28895  2889500  1218890  4108390 1.16 1.03
2020-01-15  100  28901  2890100  1218890  4108990 1.16 1.03
2020-01-16  100  29131  2913100  1218890  4131990 1.17 1.03
2020-01-17  100  29313  2931300  1218890  4150190 1.18 1.04
2020-01-21  100  29269  2926900  1218890  4145790 1.18 1.04
2020-01-22  100  29263  2926300  1218890  4145190 1.18 1.04
2020-01-23  100  29111  2911100  1218890  4129990 1.17 1.03
2020-01-24  100  29230  2923000  1218890  4141890 1.18 1.04
2020-01-27   90  28542  2568780  1504310  4073090 1.15 1.02
2020-01-28   80  28594  2287520  1790250  4077770 1.15 1.02
2020-01-29   70  28820  2017400  2078450  4095850 1.16 1.02
2020-01-30   60  28640  1718400  2364850  4083250 1.15 1.02
2020-01-31   70  28813  2016910  2076720  4093630 1.16 1.02
2020-02-03   60  28319  1699140  2359910  4059050 1.14 1.01
2020-02-04   60  28696  1721760  2359910  4081670 1.16 1.02
2020-02-05   60  29048  1742880  2359910  4102790 1.17 1.03
2020-02-06   70  29388  2057160  2066030  4123190 1.18 1.03
2020-02-07   80  29286  2342880  1773170  4116050 1.18 1.03
2020-02-10   90  28995  2609550  1483220  4092770 1.17 1.02
2020-02-11  100  29390  2939000  1189320  4128320 1.18 1.03
2020-02-12  100  29406  2940600  1189320  4129920 1.19 1.03
2020-02-13  100  29436  2943600  1189320  4132920 1.19 1.03
2020-02-14  100  29440  2944000  1189320  4133320 1.19 1.03
2020-02-18  100  29282  2928200  1189320  4117520 1.18 1.03
2020-02-19  100  29312  2931200  1189320  4120520 1.18 1.03
2020-02-20  100  29296  2929600  1189320  4118920 1.18 1.03
2020-02-21  100  29146  2914600  1189320  4103920 1.17 1.03
2020-02-24   90  28402  2556180  1473340  4029520 1.14 1.01
2020-02-25   80  28037  2242960  1753710  3996670 1.13 1.00
2020-02-26   70  27159  1901130  2025300  3926430 1.09 0.98
2020-02-27   60  26526  1591560  2290560  3882120 1.07 0.97
2020-02-28   50  25270  1263500  2543260  3806760 1.02 0.95
2020-03-02   40  25590  1023600  2799160  3822760 1.03 0.96
2020-03-03   40  26762  1070480  2799160  3869640 1.08 0.97
2020-03-04   30  26383   791490  3062990  3854480 1.06 0.96
2020-03-05   20  26671   533420  3329700  3863120 1.08 0.97
2020-03-06   10  25457   254570  3584270  3838840 1.03 0.96
2020-03-09    0  24992        0  3834190  3834190 1.01 0.96
2020-03-10    0  24453        0  3834190  3834190 0.99 0.96
2020-03-11    0  24604        0  3834190  3834190 0.99 0.96
2020-03-12    0  22184        0  3834190  3834190 0.89 0.96
2020-03-13    0  21973        0  3834190  3834190 0.89 0.96
2020-03-16    0  20917        0  3834190  3834190 0.84 0.96
2020-03-17    0  20487        0  3834190  3834190 0.83 0.96
2020-03-18    0  20188        0  3834190  3834190 0.81 0.96
2020-03-19    0  19830        0  3834190  3834190 0.80 0.96
2020-03-20    0  20253        0  3834190  3834190 0.82 0.96
2020-03-23    0  19028        0  3834190  3834190 0.77 0.96
2020-03-24    0  19722        0  3834190  3834190 0.79 0.96
2020-03-25    0  21050        0  3834190  3834190 0.85 0.96
2020-03-26    0  21468        0  3834190  3834190 0.87 0.96
2020-03-27   10  21898   218980  3615210  3834190 0.88 0.96
2020-03-30   20  21678   433560  3398430  3831990 0.87 0.96
2020-03-31   20  22208   444160  3398430  3842590 0.90 0.96
2020-04-01   20  21227   424540  3398430  3822970 0.86 0.96
2020-04-02   20  20819   416380  3398430  3814810 0.84 0.95
2020-04-03   20  21285   425700  3398430  3824130 0.86 0.96
2020-04-06   20  21693   433860  3398430  3832290 0.87 0.96
2020-04-07   30  23537   706110  3163060  3869170 0.95 0.97
2020-04-08   40  22893   915720  2934130  3849850 0.92 0.96
2020-04-09   40  23690   947600  2934130  3881730 0.95 0.97
2020-04-13   40  23698   947920  2934130  3882050 0.96 0.97
2020-04-14   40  23690   947600  2934130  3881730 0.95 0.97
2020-04-15   40  23600   944000  2934130  3878130 0.95 0.97
2020-04-16   40  23543   941720  2934130  3875850 0.95 0.97
2020-04-17   40  23817   952680  2934130  3886810 0.96 0.97
2020-04-20   40  24095   963800  2934130  3897930 0.97 0.97
2020-04-21   40  23365   934600  2934130  3868730 0.94 0.97
2020-04-22   40  23437   937480  2934130  3871610 0.94 0.97
2020-04-23   40  23543   941720  2934130  3875850 0.95 0.97
2020-04-24   40  23628   945120  2934130  3879250 0.95 0.97
2020-04-27   40  23866   954640  2934130  3888770 0.96 0.97
2020-04-28   40  24357   974280  2934130  3908410 0.98 0.98
2020-04-29   40  24490   979600  2934130  3913730 0.99 0.98
2020-04-30   40  24585   983400  2934130  3917530 0.99 0.98
2020-05-01   40  24120   964800  2934130  3898930 0.97 0.97
2020-05-04   40  23581   943240  2934130  3877370 0.95 0.97
2020-05-05   40  23958   958320  2934130  3892450 0.97 0.97
2020-05-06   40  23978   959120  2934130  3893250 0.97 0.97
2020-05-07   30  23837   715110  3172500  3887610 0.96 0.97
2020-05-08   20  24107   482140  3413570  3895710 0.97 0.97
2020-05-11   20  24256   485120  3413570  3898690 0.98 0.97
2020-05-12   20  24292   485840  3413570  3899410 0.98 0.97
2020-05-13   10  23702   237020  3650590  3887610 0.96 0.97
2020-05-14    0  23049        0  3881080  3881080 0.93 0.97
2020-05-15    0  23454        0  3881080  3881080 0.95 0.97
2020-05-18    0  24059        0  3881080  3881080 0.97 0.97
2020-05-19   10  24577   245770  3635310  3881080 0.99 0.97
2020-05-20   20  24455   489100  3390760  3879860 0.99 0.97
2020-05-21   30  24564   736920  3145120  3882040 0.99 0.97
2020-05-22   40  24461   978440  2900510  3878950 0.99 0.97
2020-05-26   50  24781  1239050  2652700  3891750 1.00 0.97
2020-05-27   60  25298  1517880  2399720  3917600 1.02 0.98
2020-05-28   60  25697  1541820  2399720  3941540 1.04 0.99
2020-05-29   60  25324  1519440  2399720  3919160 1.02 0.98
2020-06-01   70  25342  1773940  2146300  3920240 1.02 0.98
2020-06-02   80  25582  2046560  1890480  3937040 1.03 0.98
2020-06-03   90  25906  2331540  1631420  3962960 1.04 0.99
2020-06-04  100  26226  2622600  1369160  3991760 1.06 1.00
2020-06-05  100  26836  2683600  1369160  4052760 1.08 1.01
2020-06-08  100  27232  2723200  1369160  4092360 1.10 1.02
2020-06-09  100  27447  2744700  1369160  4113860 1.11 1.03
2020-06-10  100  27251  2725100  1369160  4094260 1.10 1.02
2020-06-11  100  26282  2628200  1369160  3997360 1.06 1.00
2020-06-12   90  25659  2309310  1625750  3935060 1.03 0.98
2020-06-15   80  25270  2021600  1878450  3900050 1.02 0.98
2020-06-16   80  26326  2106080  1878450  3984530 1.06 1.00
2020-06-17   80  26330  2106400  1878450  3984850 1.06 1.00
2020-06-18   80  26016  2081280  1878450  3959730 1.05 0.99
2020-06-19   80  26213  2097040  1878450  3975490 1.06 0.99
2020-06-22   80  25865  2069200  1878450  3947650 1.04 0.99
2020-06-23   80  26159  2092720  1878450  3971170 1.05 0.99
2020-06-24   80  25992  2079360  1878450  3957810 1.05 0.99
2020-06-25   70  25365  1775550  2132100  3907650 1.02 0.98
2020-06-26   60  25641  1538460  2388510  3926970 1.03 0.98
2020-06-29   60  25152  1509120  2388510  3897630 1.01 0.97
2020-06-30   60  25512  1530720  2388510  3919230 1.03 0.98
2020-07-01   60  25879  1552740  2388510  3941250 1.04 0.99
2020-07-02   60  25936  1556160  2388510  3944670 1.05 0.99
2020-07-06   60  25996  1559760  2388510  3948270 1.05 0.99
2020-07-07   70  26172  1832040  2126790  3958830 1.05 0.99
2020-07-08   60  25950  1557000  2386290  3943290 1.05 0.99
2020-07-09   60  26094  1565640  2386290  3951930 1.05 0.99
2020-07-10   60  25690  1541400  2386290  3927690 1.04 0.98
2020-07-13   70  26225  1835750  2124040  3959790 1.06 0.99
2020-07-14   80  26044  2083520  1863600  3947120 1.05 0.99
2020-07-15   90  27009  2430810  1593510  4024320 1.09 1.01
2020-07-16  100  26746  2674600  1326050  4000650 1.08 1.00
2020-07-17  100  26774  2677400  1326050  4003450 1.08 1.00
2020-07-20  100  26660  2666000  1326050  3992050 1.07 1.00
2020-07-21  100  26833  2683300  1326050  4009350 1.08 1.00
2020-07-22  100  26824  2682400  1326050  4008450 1.08 1.00
2020-07-23  100  26955  2695500  1326050  4021550 1.09 1.01
2020-07-24  100  26533  2653300  1326050  3979350 1.07 0.99
2020-07-27  100  26447  2644700  1326050  3970750 1.07 0.99
2020-07-28   90  26529  2387610  1591340  3978950 1.07 0.99
2020-07-29   80  26388  2111040  1855220  3966260 1.06 0.99
2020-07-30   80  26367  2109360  1855220  3964580 1.06 0.99
2020-07-31   80  26409  2112720  1855220  3967940 1.06 0.99
2020-08-03   80  26542  2123360  1855220  3978580 1.07 0.99
2020-08-04   80  26664  2133120  1855220  3988340 1.07 1.00
2020-08-05   80  26924  2153920  1855220  4009140 1.09 1.00
2020-08-06   90  27170  2445300  1583520  4028820 1.10 1.01
2020-08-07  100  27321  2732100  1310310  4042410 1.10 1.01
2020-08-10  100  27488  2748800  1310310  4059110 1.11 1.01
2020-08-11  100  27961  2796100  1310310  4106410 1.13 1.03
2020-08-12  100  27860  2786000  1310310  4096310 1.12 1.02
2020-08-13  100  27922  2792200  1310310  4102510 1.13 1.03
2020-08-14  100  27828  2782800  1310310  4093110 1.12 1.02
2020-08-17  100  27970  2797000  1310310  4107310 1.13 1.03
2020-08-18  100  27853  2785300  1310310  4095610 1.12 1.02
2020-08-19  100  27811  2781100  1310310  4091410 1.12 1.02
2020-08-20  100  27622  2762200  1310310  4072510 1.11 1.02
2020-08-21   90  27758  2498220  1587890  4086110 1.12 1.02
2020-08-24   80  28077  2246160  1868660  4114820 1.13 1.03
2020-08-25   80  28347  2267760  1868660  4136420 1.14 1.03
2020-08-26   90  28257  2543130  1586090  4129220 1.14 1.03
2020-08-27  100  28384  2838400  1302250  4140650 1.14 1.04
2020-08-28  100  28601  2860100  1302250  4162350 1.15 1.04
2020-08-31  100  28643  2864300  1302250  4166550 1.15 1.04
2020-09-01  100  28439  2843900  1302250  4146150 1.15 1.04
2020-09-02  100  28736  2873600  1302250  4175850 1.16 1.04
2020-09-03  100  29090  2909000  1302250  4211250 1.17 1.05
2020-09-04  100  28341  2834100  1302250  4136350 1.14 1.03
2020-09-08   90  27925  2513250  1581500  4094750 1.13 1.02
2020-09-09   80  27711  2216880  1858610  4075490 1.12 1.02
2020-09-10   70  28022  1961540  2138830  4100370 1.13 1.03
2020-09-11   60  27613  1656780  2414960  4071740 1.11 1.02
2020-09-14   60  27718  1663080  2414960  4078040 1.12 1.02
2020-09-15   60  28139  1688340  2414960  4103300 1.13 1.03
2020-09-16   60  28031  1681860  2414960  4096820 1.13 1.02
2020-09-17   60  27834  1670040  2414960  4085000 1.12 1.02
2020-09-18   60  27864  1671840  2414960  4086800 1.12 1.02
2020-09-21   60  27484  1649040  2414960  4064000 1.11 1.02
2020-09-22   60  27170  1630200  2414960  4045160 1.10 1.01
2020-09-23   60  27413  1644780  2414960  4059740 1.10 1.01
2020-09-24   50  26716  1335800  2682120  4017920 1.08 1.00
2020-09-25   40  26694  1067760  2949060  4016820 1.08 1.00
2020-09-28   50  27362  1368100  2675440  4043540 1.10 1.01
2020-09-29   60  27560  1653600  2399840  4053440 1.11 1.01
2020-09-30   60  27514  1650840  2399840  4050680 1.11 1.01
2020-10-01   60  27940  1676400  2399840  4076240 1.13 1.02
2020-10-02   70  27536  1927520  2124480  4052000 1.11 1.01
2020-10-05   80  27825  2226000  1846230  4072230 1.12 1.02
2020-10-06   90  28214  2539260  1564090  4103350 1.14 1.03
2020-10-07  100  27971  2797100  1284380  4081480 1.13 1.02
2020-10-08  100  28348  2834800  1284380  4119180 1.14 1.03
2020-10-09  100  28533  2853300  1284380  4137680 1.15 1.03
2020-10-12  100  28671  2867100  1284380  4151480 1.16 1.04
2020-10-13  100  28764  2876400  1284380  4160780 1.16 1.04
2020-10-14  100  28731  2873100  1284380  4157480 1.16 1.04
2020-10-15  100  28323  2832300  1284380  4116680 1.14 1.03
2020-10-16  100  28570  2857000  1284380  4141380 1.15 1.04
2020-10-19  100  28633  2863300  1284380  4147680 1.15 1.04
2020-10-20  100  28245  2824500  1284380  4108880 1.14 1.03
2020-10-21   90  28270  2544300  1567080  4111380 1.14 1.03
2020-10-22   80  28197  2255760  1849050  4104810 1.14 1.03
2020-10-23   80  28409  2272720  1849050  4121770 1.15 1.03
2020-10-26   80  28185  2254800  1849050  4103850 1.14 1.03
2020-10-27   70  27651  1935570  2125560  4061130 1.11 1.02
2020-10-28   60  27102  1626120  2396580  4022700 1.09 1.01
2020-10-29   50  26480  1324000  2661380  3985380 1.07 1.00
2020-10-30   40  26572  1062880  2927100  3989980 1.07 1.00
2020-11-02   40  26691  1067640  2927100  3994740 1.08 1.00
2020-11-03   40  27138  1085520  2927100  4012620 1.09 1.00
2020-11-04   40  27512  1100480  2927100  4027580 1.11 1.01
2020-11-05   50  28083  1404150  2646270  4050420 1.13 1.01
2020-11-06   60  28399  1703940  2362280  4066220 1.14 1.02
2020-11-09   70  29467  2062690  2067610  4130300 1.19 1.03
2020-11-10   80  29254  2340320  1775070  4115390 1.18 1.03
2020-11-11   90  29524  2657160  1479830  4136990 1.19 1.03
2020-11-12  100  29231  2923100  1187520  4110620 1.18 1.03
2020-11-13  100  29203  2920300  1187520  4107820 1.18 1.03
2020-11-16  100  29672  2967200  1187520  4154720 1.20 1.04
2020-11-17  100  29800  2980000  1187520  4167520 1.20 1.04
2020-11-18  100  29875  2987500  1187520  4175020 1.20 1.04
2020-11-19  100  29370  2937000  1187520  4124520 1.18 1.03
2020-11-20  100  29437  2943700  1187520  4131220 1.19 1.03
2020-11-23  100  29332  2933200  1187520  4120720 1.18 1.03
2020-11-24  100  29746  2974600  1187520  4162120 1.20 1.04
2020-11-25  100  30058  3005800  1187520  4193320 1.21 1.05
2020-11-27  100  29911  2991100  1187520  4178620 1.21 1.04
2020-11-30  100  29854  2985400  1187520  4172920 1.20 1.04
2020-12-01   90  29797  2681730  1485490  4167220 1.20 1.04
2020-12-02   80  29695  2375600  1782440  4158040 1.20 1.04
2020-12-03   80  29920  2393600  1782440  4176040 1.21 1.04
2020-12-04   80  29989  2399120  1782440  4181560 1.21 1.05
2020-12-07   80  30233  2418640  1782440  4201080 1.22 1.05
2020-12-08   80  29997  2399760  1782440  4182200 1.21 1.05
2020-12-09   80  30229  2418320  1782440  4200760 1.22 1.05
2020-12-10   80  30032  2402560  1782440  4185000 1.21 1.05
2020-12-11   80  29988  2399040  1782440  4181480 1.21 1.05
2020-12-14   80  30123  2409840  1782440  4192280 1.21 1.05
2020-12-15   80  29919  2393520  1782440  4175960 1.21 1.04
2020-12-16   80  30191  2415280  1782440  4197720 1.22 1.05
2020-12-17   80  30216  2417280  1782440  4199720 1.22 1.05
2020-12-18   80  30314  2425120  1782440  4207560 1.22 1.05
2020-12-21   80  30159  2412720  1782440  4195160 1.22 1.05
2020-12-22   80  30200  2416000  1782440  4198440 1.22 1.05
2020-12-23   80  30046  2403680  1782440  4186120 1.21 1.05
2020-12-24   80  30155  2412400  1782440  4194840 1.22 1.05
2020-12-28   80  30283  2422640  1782440  4205080 1.22 1.05
2020-12-29   80  30492  2439360  1782440  4221800 1.23 1.06
2020-12-30   80  30415  2433200  1782440  4215640 1.23 1.05
2020-12-31   80  30417  2433360  1782440  4215800 1.23 1.05
2021-01-04   80  30627  2450160  1782440  4232600 1.23 1.06
2021-01-05   80  30204  2416320  1782440  4198760 1.22 1.05
2021-01-06   80  30362  2428960  1782440  4211400 1.22 1.05
2021-01-07   90  30901  2781090  1473430  4254520 1.25 1.06
2021-01-08  100  31069  3106900  1162740  4269640 1.25 1.07
2021-01-11  100  31015  3101500  1162740  4264240 1.25 1.07
2021-01-12  100  31015  3101500  1162740  4264240 1.25 1.07
2021-01-13  100  31084  3108400  1162740  4271140 1.25 1.07
2021-01-14  100  31085  3108500  1162740  4271240 1.25 1.07
2021-01-15  100  30926  3092600  1162740  4255340 1.25 1.06
2021-01-19  100  30887  3088700  1162740  4251440 1.24 1.06
2021-01-20   90  31017  2791530  1472910  4264440 1.25 1.07
2021-01-21   80  31198  2495840  1784890  4280730 1.26 1.07
2021-01-22   80  31141  2491280  1784890  4276170 1.26 1.07
2021-01-25   80  30989  2479120  1784890  4264010 1.25 1.07
2021-01-26   80  30968  2477440  1784890  4262330 1.25 1.07
2021-01-27   80  30893  2471440  1784890  4256330 1.25 1.06
2021-01-28   70  30377  2126390  2088660  4215050 1.22 1.05
2021-01-29   60  30553  1833180  2394190  4227370 1.23 1.06
2021-02-01   60  30054  1803240  2394190  4197430 1.21 1.05
2021-02-02   60  30276  1816560  2394190  4210750 1.22 1.05
2021-02-03   60  30689  1841340  2394190  4235530 1.24 1.06
2021-02-04   60  30737  1844220  2394190  4238410 1.24 1.06
2021-02-05   70  31093  2176510  2083260  4259770 1.25 1.06
2021-02-08   80  31191  2495280  1771350  4266630 1.26 1.07
2021-02-09   90  31359  2822310  1457760  4280070 1.26 1.07
2021-02-10  100  31428  3142800  1143480  4286280 1.27 1.07
2021-02-11  100  31466  3146600  1143480  4290080 1.27 1.07
2021-02-12  100  31420  3142000  1143480  4285480 1.27 1.07
2021-02-16  100  31472  3147200  1143480  4290680 1.27 1.07
2021-02-17  100  31485  3148500  1143480  4291980 1.27 1.07
2021-02-18  100  31558  3155800  1143480  4299280 1.27 1.07
2021-02-19  100  31504  3150400  1143480  4293880 1.27 1.07
2021-02-22  100  31381  3138100  1143480  4281580 1.26 1.07
2021-02-23  100  31501  3150100  1143480  4293580 1.27 1.07
2021-02-24  100  31499  3149900  1143480  4293380 1.27 1.07
2021-02-25  100  31955  3195500  1143480  4338980 1.29 1.08
2021-02-26   90  31401  2826090  1457490  4283580 1.27 1.07
2021-03-01   80  31065  2485200  1768140  4253340 1.25 1.06
2021-03-02   80  31535  2522800  1768140  4290940 1.27 1.07
2021-03-03   80  31352  2508160  1768140  4276300 1.26 1.07
2021-03-04   80  31289  2503120  1768140  4271260 1.26 1.07
2021-03-05   70  31029  2172030  2078430  4250460 1.25 1.06
2021-03-08   80  31512  2520960  1763310  4284270 1.27 1.07
2021-03-09   80  31892  2551360  1763310  4314670 1.29 1.08
2021-03-10   80  31906  2552480  1763310  4315790 1.29 1.08
2021-03-11   90  32354  2911860  1439770  4351630 1.30 1.09
2021-03-12  100  32462  3246200  1115150  4361350 1.31 1.09
2021-03-15  100  32798  3279800  1115150  4394950 1.32 1.10
2021-03-16  100  32966  3296600  1115150  4411750 1.33 1.10
2021-03-17  100  32825  3282500  1115150  4397650 1.32 1.10
2021-03-18  100  32928  3292800  1115150  4407950 1.33 1.10
2021-03-19  100  32858  3285800  1115150  4400950 1.32 1.10
2021-03-22  100  32601  3260100  1115150  4375250 1.31 1.09
2021-03-23  100  32691  3269100  1115150  4384250 1.32 1.10
2021-03-24  100  32470  3247000  1115150  4362150 1.31 1.09
2021-03-25   90  32346  2911140  1438610  4349750 1.30 1.09
2021-03-26   80  32681  2614480  1765420  4379900 1.32 1.09
2021-03-29   80  33087  2646960  1765420  4412380 1.33 1.10
2021-03-30   80  33127  2650160  1765420  4415580 1.34 1.10
2021-03-31   80  33116  2649280  1765420  4414700 1.33 1.10
2021-04-01   80  33054  2644320  1765420  4409740 1.33 1.10
2021-04-05   80  33222  2657760  1765420  4423180 1.34 1.11
2021-04-06   90  33500  3015000  1430420  4445420 1.35 1.11
2021-04-07  100  33444  3344400  1095980  4440380 1.35 1.11
2021-04-08  100  33469  3346900  1095980  4442880 1.35 1.11
2021-04-09  100  33526  3352600  1095980  4448580 1.35 1.11
2021-04-12  100  33775  3377500  1095980  4473480 1.36 1.12
2021-04-13  100  33721  3372100  1095980  4468080 1.36 1.12
2021-04-14  100  33668  3366800  1095980  4462780 1.36 1.12
2021-04-15  100  33788  3378800  1095980  4474780 1.36 1.12
2021-04-16  100  34058  3405800  1095980  4501780 1.37 1.13
2021-04-19  100  34182  3418200  1095980  4514180 1.38 1.13
2021-04-20  100  34034  3403400  1095980  4499380 1.37 1.12
2021-04-21   90  33808  3042720  1434060  4476780 1.36 1.12
2021-04-22   80  34109  2728720  1775150  4503870 1.37 1.13
2021-04-23   80  33804  2704320  1775150  4479470 1.36 1.12
2021-04-26   80  34044  2723520  1775150  4498670 1.37 1.12
2021-04-27   80  33932  2714560  1775150  4489710 1.37 1.12
2021-04-28   80  33860  2708800  1775150  4483950 1.36 1.12
2021-04-29   80  33855  2708400  1775150  4483550 1.36 1.12
2021-04-30   80  33988  2719040  1775150  4494190 1.37 1.12
2021-05-03   80  33904  2712320  1775150  4487470 1.37 1.12
2021-05-04   80  34080  2726400  1775150  4501550 1.37 1.13
2021-05-05   80  34163  2733040  1775150  4508190 1.38 1.13
2021-05-06   80  34245  2739600  1775150  4514750 1.38 1.13
2021-05-07   80  34578  2766240  1775150  4541390 1.39 1.14
2021-05-10   90  34785  3130650  1427300  4557950 1.40 1.14
2021-05-11  100  34572  3457200  1081580  4538780 1.39 1.13
2021-05-12  100  34206  3420600  1081580  4502180 1.38 1.13
2021-05-13   90  33624  3026160  1417820  4443980 1.36 1.11
2021-05-14   80  34050  2724000  1758320  4482320 1.37 1.12
2021-05-17   80  34375  2750000  1758320  4508320 1.39 1.13
2021-05-18   80  34351  2748080  1758320  4506400 1.38 1.13
2021-05-19   70  33945  2376150  2097770  4473920 1.37 1.12
2021-05-20   60  33906  2034360  2436830  4471190 1.37 1.12
2021-05-21   60  34121  2047260  2436830  4484090 1.38 1.12
2021-05-24   70  34253  2397710  2094300  4492010 1.38 1.12
2021-05-25   80  34428  2754240  1750020  4504260 1.39 1.13
2021-05-26   80  34336  2746880  1750020  4496900 1.38 1.12
2021-05-27   80  34432  2754560  1750020  4504580 1.39 1.13
2021-05-28   80  34558  2764640  1750020  4514660 1.39 1.13
2021-06-01   90  34584  3112560  1404180  4516740 1.39 1.13
2021-06-02  100  34614  3461400  1058040  4519440 1.40 1.13
2021-06-03  100  34550  3455000  1058040  4513040 1.39 1.13
2021-06-04  100  34618  3461800  1058040  4519840 1.40 1.13
2021-06-07  100  34766  3476600  1058040  4534640 1.40 1.13
2021-06-08  100  34645  3464500  1058040  4522540 1.40 1.13
2021-06-09  100  34626  3462600  1058040  4520640 1.40 1.13
2021-06-10   90  34502  3105180  1403060  4508240 1.39 1.13
2021-06-11   80  34499  2759920  1748050  4507970 1.39 1.13
2021-06-14   80  34472  2757760  1748050  4505810 1.39 1.13
2021-06-15   80  34397  2751760  1748050  4499810 1.39 1.12
2021-06-16   70  34308  2401560  2091130  4492690 1.38 1.12
2021-06-17   60  34014  2040840  2431270  4472110 1.37 1.12
2021-06-18   60  33622  2017320  2431270  4448590 1.36 1.11
2021-06-21   50  33312  1665600  2764390  4429990 1.34 1.11
2021-06-22   60  33872  2032320  2425670  4457990 1.37 1.11
2021-06-23   60  33948  2036880  2425670  4462550 1.37 1.12
2021-06-24   60  33933  2035980  2425670  4461650 1.37 1.12
2021-06-25   60  34328  2059680  2425670  4485350 1.38 1.12
2021-06-28   70  34428  2409960  2081390  4491350 1.39 1.12
2021-06-29   80  34338  2747040  1738010  4485050 1.38 1.12
2021-06-30   80  34290  2743200  1738010  4481210 1.38 1.12
2021-07-01   90  34507  3105630  1392940  4498570 1.39 1.12
2021-07-02  100  34642  3464200  1046520  4510720 1.40 1.13
2021-07-06  100  34790  3479000  1046520  4525520 1.40 1.13
2021-07-07  100  34604  3460400  1046520  4506920 1.39 1.13
2021-07-08  100  34569  3456900  1046520  4503420 1.39 1.13
2021-07-09  100  34457  3445700  1046520  4492220 1.39 1.12
2021-07-12  100  34836  3483600  1046520  4530120 1.40 1.13
2021-07-13  100  34959  3495900  1046520  4542420 1.41 1.14
2021-07-14  100  34920  3492000  1046520  4538520 1.41 1.13
2021-07-15  100  34924  3492400  1046520  4538920 1.41 1.13
2021-07-16  100  35007  3500700  1046520  4547220 1.41 1.14
2021-07-19  100  34528  3452800  1046520  4499320 1.39 1.12
2021-07-20   90  33981  3058290  1386330  4444620 1.37 1.11
2021-07-21   80  34556  2764480  1731890  4496370 1.39 1.12
2021-07-22   80  34799  2783920  1731890  4515810 1.40 1.13
2021-07-23   80  34855  2788400  1731890  4520290 1.40 1.13
2021-07-26   80  35055  2804400  1731890  4536290 1.41 1.13
2021-07-27   90  35078  3157020  1381110  4538130 1.41 1.13
2021-07-28  100  35109  3510900  1030020  4540920 1.42 1.14
2021-07-29  100  34985  3498500  1030020  4528520 1.41 1.13
2021-07-30  100  35013  3501300  1030020  4531320 1.41 1.13
2021-08-02  100  34968  3496800  1030020  4526820 1.41 1.13
2021-08-03  100  34864  3486400  1030020  4516420 1.41 1.13
2021-08-04  100  35047  3504700  1030020  4534720 1.41 1.13
2021-08-05   90  34815  3133350  1378170  4511520 1.40 1.13
2021-08-06   80  35077  2806160  1728940  4535100 1.41 1.13
2021-08-09   80  35229  2818320  1728940  4547260 1.42 1.14
2021-08-10   80  35135  2810800  1728940  4539740 1.42 1.13
2021-08-11   90  35300  3177000  1375940  4552940 1.42 1.14
2021-08-12  100  35481  3548100  1021130  4569230 1.43 1.14
2021-08-13  100  35551  3555100  1021130  4576230 1.43 1.14
2021-08-16  100  35490  3549000  1021130  4570130 1.43 1.14
2021-08-17  100  35500  3550000  1021130  4571130 1.43 1.14
2021-08-18  100  35310  3531000  1021130  4552130 1.42 1.14
2021-08-19   90  34874  3138660  1369870  4508530 1.41 1.13
2021-08-20   80  34917  2793360  1719040  4512400 1.41 1.13
2021-08-23   80  35160  2812800  1719040  4531840 1.42 1.13
2021-08-24   80  35382  2830560  1719040  4549600 1.43 1.14
2021-08-25   80  35388  2831040  1719040  4550080 1.43 1.14
2021-08-26   80  35449  2835920  1719040  4554960 1.43 1.14
2021-08-27   80  35231  2818480  1719040  4537520 1.42 1.13
2021-08-30   80  35471  2837680  1719040  4556720 1.43 1.14
2021-08-31   80  35391  2831280  1719040  4550320 1.43 1.14
2021-09-01   80  35387  2830960  1719040  4550000 1.43 1.14
2021-09-02   80  35353  2828240  1719040  4547280 1.43 1.14
2021-09-03   80  35401  2832080  1719040  4551120 1.43 1.14
2021-09-07   80  35373  2829840  1719040  4548880 1.43 1.14
2021-09-08   70  35087  2456090  2069910  4526000 1.41 1.13
2021-09-09   60  35013  2100780  2420040  4520820 1.41 1.13
2021-09-10   60  34949  2096940  2420040  4516980 1.41 1.13
2021-09-13   50  34665  1733250  2766690  4499940 1.40 1.12
2021-09-14   60  34906  2094360  2417630  4511990 1.41 1.13
2021-09-15   50  34580  1729000  2763430  4492430 1.39 1.12
2021-09-16   60  34810  2088600  2415330  4503930 1.40 1.13
2021-09-17   50  34737  1736850  2762700  4499550 1.40 1.12
2021-09-20   40  34459  1378360  3107290  4485650 1.39 1.12
2021-09-21   40  34025  1361000  3107290  4468290 1.37 1.12
2021-09-22   40  34006  1360240  3107290  4467530 1.37 1.12
2021-09-23   40  34296  1371840  3107290  4479130 1.38 1.12
2021-09-24   40  34762  1390480  3107290  4497770 1.40 1.12
2021-09-27   50  34739  1736950  2759900  4496850 1.40 1.12
2021-09-28   60  34747  2084820  2412430  4497250 1.40 1.12
2021-09-29   60  34360  2061600  2412430  4474030 1.38 1.12
2021-09-30   60  34467  2068020  2412430  4480450 1.39 1.12
2021-10-01   50  33930  1696500  2751730  4448230 1.37 1.11
2021-10-04   40  34312  1372480  3094850  4467330 1.38 1.12
2021-10-05   30  34035  1021050  3435200  4456250 1.37 1.11
2021-10-06   20  34198   683960  3777180  4461140 1.38 1.12
2021-10-07   10  34509   345090  4122270  4467360 1.39 1.12
2021-10-08   20  34757   695140  3774700  4469840 1.40 1.12
2021-10-11   30  34723  1041690  3427470  4469160 1.40 1.12
2021-10-12   20  34507   690140  3772540  4462680 1.39 1.12
2021-10-13   20  34372   687440  3772540  4459980 1.39 1.11
2021-10-14   20  34443   688860  3772540  4461400 1.39 1.12
2021-10-15   30  35023  1050690  3422310  4473000 1.41 1.12
2021-10-18   40  35221  1408840  3070100  4478940 1.42 1.12
2021-10-19   50  35325  1766250  2716850  4483100 1.42 1.12
2021-10-20   60  35475  2128500  2362100  4490600 1.43 1.12
2021-10-21   60  35520  2131200  2362100  4493300 1.43 1.12
2021-10-22   60  35607  2136420  2362100  4498520 1.44 1.12
2021-10-25   60  35692  2141520  2362100  4503620 1.44 1.13
2021-10-26   60  35791  2147460  2362100  4509560 1.44 1.13
2021-10-27   60  35835  2150100  2362100  4512200 1.44 1.13
2021-10-28   60  35545  2132700  2362100  4494800 1.43 1.12
2021-10-29   60  35712  2142720  2362100  4504820 1.44 1.13
2021-11-01   60  35833  2149980  2362100  4512080 1.44 1.13
2021-11-02   60  35935  2156100  2362100  4518200 1.45 1.13
2021-11-03   70  36059  2524130  2001510  4525640 1.45 1.13
2021-11-04   80  36107  2888560  1640440  4529000 1.46 1.13
2021-11-05   90  36268  3264120  1277760  4541880 1.46 1.14
2021-11-08  100  36416  3641600   913600  4555200 1.47 1.14
2021-11-09  100  36404  3640400   913600  4554000 1.47 1.14
2021-11-10  100  36299  3629900   913600  4543500 1.46 1.14
2021-11-11  100  36038  3603800   913600  4517400 1.45 1.13
2021-11-12   90  35963  3236670  1273230  4509900 1.45 1.13
2021-11-15   80  36128  2890240  1634510  4524750 1.46 1.13
2021-11-16   80  36076  2886080  1634510  4520590 1.45 1.13
2021-11-17   80  36159  2892720  1634510  4527230 1.46 1.13
2021-11-18   80  35901  2872080  1634510  4506590 1.45 1.13
2021-11-19   70  35879  2511530  1993300  4504830 1.45 1.13
2021-11-22   60  35631  2137860  2349610  4487470 1.44 1.12
2021-11-23   60  35619  2137140  2349610  4486750 1.44 1.12
2021-11-24   60  35752  2145120  2349610  4494730 1.44 1.12
2021-11-26   60  35366  2121960  2349610  4471570 1.43 1.12
2021-11-29   50  35017  1750850  2699780  4450630 1.41 1.11
2021-11-30   40  35056  1402240  3050340  4452580 1.41 1.11
2021-12-01   40  34678  1387120  3050340  4437460 1.40 1.11
2021-12-02   40  34076  1363040  3050340  4413380 1.37 1.10
2021-12-03   40  34692  1387680  3050340  4438020 1.40 1.11
2021-12-06   40  34633  1385320  3050340  4435660 1.40 1.11
2021-12-07   50  35423  1771150  2696110  4467260 1.43 1.12
2021-12-08   60  35716  2142960  2338950  4481910 1.44 1.12
2021-12-09   70  35722  2500540  1981730  4482270 1.44 1.12
2021-12-10   80  35830  2866400  1623430  4489830 1.44 1.12
2021-12-13   90  35958  3236220  1263850  4500070 1.45 1.13
2021-12-14  100  35605  3560500   907800  4468300 1.44 1.12
2021-12-15   90  35549  3199410  1263290  4462700 1.43 1.12
2021-12-16  100  36036  3603600   902930  4506530 1.45 1.13
2021-12-17  100  35800  3580000   902930  4482930 1.44 1.12
2021-12-20   90  35222  3169980  1255150  4425130 1.42 1.11
2021-12-21   80  35069  2805520  1605840  4411360 1.41 1.10
2021-12-22   80  35491  2839280  1605840  4445120 1.43 1.11
2021-12-23   80  35782  2862560  1605840  4468400 1.44 1.12
2021-12-27   90  35954  3235860  1246300  4482160 1.45 1.12
2021-12-28  100  36302  3630200   883280  4513480 1.46 1.13
2021-12-29  100  36421  3642100   883280  4525380 1.47 1.13
2021-12-30  100  36522  3652200   883280  4535480 1.47 1.13
2021-12-31  100  36385  3638500   883280  4521780 1.47 1.13
2022-01-03  100  36321  3632100   883280  4515380 1.46 1.13
2022-01-04  100  36636  3663600   883280  4546880 1.48 1.14
2022-01-05  100  36722  3672200   883280  4555480 1.48 1.14
2022-01-06  100  36409  3640900   883280  4524180 1.47 1.13
2022-01-07  100  36249  3624900   883280  4508180 1.46 1.13
2022-01-10  100  36175  3617500   883280  4500780 1.46 1.13
2022-01-11   90  36058  3245220  1243860  4489080 1.45 1.12
2022-01-12   80  36336  2906880  1607220  4514100 1.46 1.13
2022-01-13   80  36312  2904960  1607220  4512180 1.46 1.13
2022-01-14   80  35996  2879680  1607220  4486900 1.45 1.12
2022-01-18   70  35661  2496270  1963830  4460100 1.44 1.12
2022-01-19   60  35412  2124720  2317950  4442670 1.43 1.11
2022-01-20   50  35102  1755100  2668970  4424070 1.41 1.11
2022-01-21   40  34701  1388040  3015980  4404020 1.40 1.10
2022-01-24   40  34070  1362800  3015980  4378780 1.37 1.09
2022-01-25   40  34186  1367440  3015980  4383420 1.38 1.10
2022-01-26   40  34520  1380800  3015980  4396780 1.39 1.10
2022-01-27   40  34261  1370440  3015980  4386420 1.38 1.10
2022-01-28   40  34135  1365400  3015980  4381380 1.38 1.10
2022-01-31   40  34691  1387640  3015980  4403620 1.40 1.10
2022-02-01   40  35151  1406040  3015980  4422020 1.42 1.11
2022-02-02   30  35378  1061340  3369760  4431100 1.43 1.11
2022-02-03   40  35520  1420800  3014560  4435360 1.43 1.11
2022-02-04   30  35095  1052850  3365510  4418360 1.41 1.10
2022-02-07   20  35108   702160  3716590  4418750 1.42 1.10
2022-02-08   20  35160   703200  3716590  4419790 1.42 1.10
2022-02-09   30  35614  1068420  3360450  4428870 1.44 1.11
2022-02-10   40  35630  1425200  3004150  4429350 1.44 1.11
2022-02-11   30  35267  1058010  3356820  4414830 1.42 1.10
2022-02-14   20  34694   693880  3703760  4397640 1.40 1.10
2022-02-15   20  34686   693720  3703760  4397480 1.40 1.10
2022-02-16   10  34951   349510  4053270  4402780 1.41 1.10
2022-02-17    0  34858        0  4401850  4401850 1.41 1.10
2022-02-18    0  34310        0  4401850  4401850 1.38 1.10
2022-02-22    0  33974        0  4401850  4401850 1.37 1.10
2022-02-23    0  33680        0  4401850  4401850 1.36 1.10
2022-02-24    0  32830        0  4401850  4401850 1.32 1.10
2022-02-25    0  33277        0  4401850  4401850 1.34 1.10
2022-02-28    0  33870        0  4401850  4401850 1.37 1.10
2022-03-01    0  33813        0  4401850  4401850 1.36 1.10
2022-03-02    0  33379        0  4401850  4401850 1.35 1.10
2022-03-03    0  33972        0  4401850  4401850 1.37 1.10
2022-03-04    0  33655        0  4401850  4401850 1.36 1.10
2022-03-07   10  33579   335790  4066060  4401850 1.35 1.10
2022-03-08    0  32885        0  4394910  4394910 1.33 1.10
2022-03-09    0  32860        0  4394910  4394910 1.32 1.10
2022-03-10    0  33106        0  4394910  4394910 1.33 1.10
2022-03-11    0  33279        0  4394910  4394910 1.34 1.10
2022-03-14    0  33000        0  4394910  4394910 1.33 1.10
2022-03-15    0  32989        0  4394910  4394910 1.33 1.10
2022-03-16   10  33653   336530  4058380  4394910 1.36 1.10
2022-03-17   20  33995   679900  3718430  4398330 1.37 1.10
2022-03-18   30  34466  1033980  3373770  4407750 1.39 1.10
2022-03-21   40  34669  1386760  3027080  4413840 1.40 1.10
2022-03-22   40  34583  1383320  3027080  4410400 1.39 1.10
2022-03-23   40  34748  1389920  3027080  4417000 1.40 1.10
2022-03-24   40  34406  1376240  3027080  4403320 1.39 1.10
2022-03-25   40  34702  1388080  3027080  4415160 1.40 1.10
2022-03-28   40  34833  1393320  3027080  4420400 1.40 1.11
2022-03-29   50  35114  1755700  2675940  4431640 1.42 1.11
2022-03-30   60  35273  2116380  2323210  4439590 1.42 1.11
2022-03-31   60  35201  2112060  2323210  4435270 1.42 1.11
2022-04-01   50  34740  1737000  2670610  4407610 1.40 1.10
2022-04-04   40  34799  1391960  3018600  4410560 1.40 1.10
2022-04-05   50  34876  1743800  2669840  4413640 1.41 1.10
2022-04-06   40  34520  1380800  3015040  4395840 1.39 1.10
2022-04-07   30  34439  1033170  3359430  4392600 1.39 1.10
2022-04-08   20  34569   691380  3705120  4396500 1.39 1.10
2022-04-11   20  34630   692600  3705120  4397720 1.40 1.10
2022-04-12   10  34412   344120  4049240  4393360 1.39 1.10
2022-04-13    0  34166        0  4390900  4390900 1.38 1.10
2022-04-14   10  34628   346280  4044620  4390900 1.40 1.10
2022-04-18    0  34411        0  4388730  4388730 1.39 1.10
2022-04-19    0  34394        0  4388730  4388730 1.39 1.10
2022-04-20   10  34962   349620  4039110  4388730 1.41 1.10
2022-04-21   20  35258   705160  3686530  4391690 1.42 1.10
2022-04-22   30  34727  1041810  3339260  4381070 1.40 1.10
2022-04-25   40  33731  1349240  3001950  4351190 1.36 1.09
2022-04-26   40  33907  1356280  3001950  4358230 1.37 1.09
2022-04-27   40  33450  1338000  3001950  4339950 1.35 1.08
2022-04-28   40  33425  1337000  3001950  4338950 1.35 1.08
