2018-01-03  +1  100  24850  2485000  1515000  4000000 1.00 1.00
2018-01-04  -1    0  24964        0  4011400  4011400 1.01 1.00
2018-01-05  -1    0  25114        0  4011400  4011400 1.01 1.00
2018-01-08  +0    0  25308        0  4011400  4011400 1.02 1.00
2018-01-09  +0    0  25312        0  4011400  4011400 1.02 1.00
2018-01-10  +0    0  25348        0  4011400  4011400 1.02 1.00
2018-01-11  +0    0  25398        0  4011400  4011400 1.02 1.00
2018-01-12  +0    0  25638        0  4011400  4011400 1.03 1.00
2018-01-16  +0    0  25987        0  4011400  4011400 1.05 1.00
2018-01-17  +0    0  25910        0  4011400  4011400 1.04 1.00
2018-01-18  +0    0  26149        0  4011400  4011400 1.05 1.00
2018-01-19  +0    0  25987        0  4011400  4011400 1.05 1.00
2018-01-22  +0    0  26025        0  4011400  4011400 1.05 1.00
2018-01-23  +0    0  26214        0  4011400  4011400 1.06 1.00
2018-01-24  +0    0  26282        0  4011400  4011400 1.06 1.00
2018-01-25  +0    0  26313        0  4011400  4011400 1.06 1.00
2018-01-26  +0    0  26466        0  4011400  4011400 1.07 1.00
2018-01-29  +0    0  26584        0  4011400  4011400 1.07 1.00
2018-01-30  +0    0  26198        0  4011400  4011400 1.06 1.00
2018-01-31  -1    0  26268        0  4011400  4011400 1.06 1.00
2018-02-01  -1    0  26083        0  4011400  4011400 1.05 1.00
2018-02-02  -1    0  26061        0  4011400  4011400 1.05 1.00
2018-02-05  +0    0  25337        0  4011400  4011400 1.02 1.00
2018-02-06  +0    0  24085        0  4011400  4011400 0.97 1.00
2018-02-07  +0    0  24892        0  4011400  4011400 1.00 1.00
2018-02-08  +0    0  24902        0  4011400  4011400 1.00 1.00
2018-02-09  +0    0  23992        0  4011400  4011400 0.97 1.00
2018-02-12  +0    0  24337        0  4011400  4011400 0.98 1.00
2018-02-13  +0    0  24540        0  4011400  4011400 0.99 1.00
2018-02-14  +0    0  24535        0  4011400  4011400 0.99 1.00
2018-02-15  +0    0  25047        0  4011400  4011400 1.01 1.00
2018-02-16  +0    0  25165        0  4011400  4011400 1.01 1.00
2018-02-20  +0    0  25124        0  4011400  4011400 1.01 1.00
2018-02-21  +0    0  24988        0  4011400  4011400 1.01 1.00
2018-02-22  +0    0  24855        0  4011400  4011400 1.00 1.00
2018-02-23  +0    0  25050        0  4011400  4011400 1.01 1.00
2018-02-26  +0    0  25403        0  4011400  4011400 1.02 1.00
2018-02-27  +0    0  25735        0  4011400  4011400 1.04 1.00
2018-02-28  +0    0  25485        0  4011400  4011400 1.03 1.00
2018-03-01  +0    0  25024        0  4011400  4011400 1.01 1.00
2018-03-02  +0    0  24394        0  4011400  4011400 0.98 1.00
2018-03-05  +0    0  24471        0  4011400  4011400 0.99 1.00
2018-03-06  +0    0  24965        0  4011400  4011400 1.01 1.00
2018-03-07  +0    0  24758        0  4011400  4011400 1.00 1.00
2018-03-08  +0    0  24853        0  4011400  4011400 1.00 1.00
2018-03-09  +0    0  25004        0  4011400  4011400 1.01 1.00
2018-03-12  +0    0  25372        0  4011400  4011400 1.02 1.00
2018-03-13  +0    0  25257        0  4011400  4011400 1.02 1.00
2018-03-14  +0    0  25086        0  4011400  4011400 1.01 1.00
2018-03-15  +1  100  24837  2483700  1527700  4011400 1.00 1.00
2018-03-16  +1  100  24877  2487700  -960000  1527700 1.00 0.38
2018-03-19  +0  100  24893  2489300  -960000  1529300 1.00 0.38
2018-03-20  +0  100  24650  2465000  -960000  1505000 0.99 0.38
2018-03-21  +0  100  24723  2472300  -960000  1512300 1.00 0.38
2018-03-22  +0  100  24526  2452600  -960000  1492600 0.99 0.37
2018-03-23  +0  100  23995  2399500  -960000  1439500 0.97 0.36
2018-03-26  +0  100  23825  2382500  -960000  1422500 0.96 0.36
2018-03-27  +0  100  24276  2427600  -960000  1467600 0.98 0.37
2018-03-28  +0  100  23883  2388300  -960000  1428300 0.96 0.36
2018-03-29  +0  100  23949  2394900  -960000  1434900 0.97 0.36
2018-04-02  +0  100  24076  2407600  -960000  1447600 0.97 0.36
2018-04-03  +0  100  23698  2369800  -960000  1409800 0.96 0.35
2018-04-04  +0  100  23654  2365400  -960000  1405400 0.95 0.35
2018-04-05  +0  100  24313  2431300  -960000  1471300 0.98 0.37
2018-04-06  +1  100  24373  2437300 -3397300  -960000 0.98 -0.24
2018-04-09  +1  100  24037  2403700 -5801000 -3397300 0.97 -0.85
2018-04-10  +1  100  24198  2419800 -8220800 -5801000 0.98 -1.45
2018-04-11  +1  100  24274  2427400 -10648200 -8220800 0.98 -2.06
2018-04-12  +1  100  24302  2430200 -13078400 -10648200 0.98 -2.66
2018-04-13  +0  100  24582  2458200 -13078400 -10620200 0.99 -2.66
2018-04-16  +1  100  24483  2448300 -15526700 -13078400 0.99 -3.27
2018-04-17  +0  100  24681  2468100 -15526700 -13058600 0.99 -3.26
2018-04-18  +0  100  24820  2482000 -15526700 -13044700 1.00 -3.26
2018-04-19  +0  100  24711  2471100 -15526700 -13055600 1.00 -3.26
2018-04-20  +0  100  24657  2465700 -15526700 -13061000 0.99 -3.27
2018-04-23  +0  100  24488  2448800 -15526700 -13077900 0.99 -3.27
2018-04-24  +0  100  24579  2457900 -15526700 -13068800 0.99 -3.27
2018-04-25  +1  100  24070  2407000 -17933700 -15526700 0.97 -3.88
2018-04-26  +0  100  24128  2412800 -17933700 -15520900 0.97 -3.88
2018-04-27  +0  100  24342  2434200 -17933700 -15499500 0.98 -3.87
2018-04-30  +0  100  24410  2441000 -17933700 -15492700 0.98 -3.87
2018-05-01  +0  100  24117  2411700 -17933700 -15522000 0.97 -3.88
2018-05-02  +0  100  24097  2409700 -17933700 -15524000 0.97 -3.88
2018-05-03  +0  100  23836  2383600 -17933700 -15550100 0.96 -3.89
2018-05-04  +0  100  23865  2386500 -17933700 -15547200 0.96 -3.89
2018-05-07  +0  100  24317  2431700 -17933700 -15502000 0.98 -3.88
2018-05-08  +0  100  24341  2434100 -17933700 -15499600 0.98 -3.87
2018-05-09  +0  100  24399  2439900 -17933700 -15493800 0.98 -3.87
2018-05-10  +0  100  24591  2459100 -17933700 -15474600 0.99 -3.87
2018-05-11  +0  100  24758  2475800 -17933700 -15457900 1.00 -3.86
2018-05-14  +0  100  24879  2487900 -17933700 -15445800 1.00 -3.86
2018-05-15  +0  100  24809  2480900 -17933700 -15452800 1.00 -3.86
2018-05-16  +0  100  24722  2472200 -17933700 -15461500 1.00 -3.87
2018-05-17  +0  100  24752  2475200 -17933700 -15458500 1.00 -3.86
2018-05-18  +0  100  24707  2470700 -17933700 -15463000 1.00 -3.87
2018-05-21  +0  100  24883  2488300 -17933700 -15445400 1.00 -3.86
2018-05-22  +0  100  25047  2504700 -17933700 -15429000 1.01 -3.86
2018-05-23  +0  100  24757  2475700 -17933700 -15458000 1.00 -3.86
2018-05-24  +0  100  24877  2487700 -17933700 -15446000 1.00 -3.86
2018-05-25  +0  100  24781  2478100 -17933700 -15455600 1.00 -3.86
2018-05-29  +0  100  24606  2460600 -17933700 -15473100 0.99 -3.87
2018-05-30  +0  100  24467  2446700 -17933700 -15487000 0.99 -3.87
2018-05-31  +0  100  24620  2462000 -17933700 -15471700 0.99 -3.87
2018-06-01  +0  100  24542  2454200 -17933700 -15479500 0.99 -3.87
2018-06-04  +0  100  24727  2472700 -17933700 -15461000 1.00 -3.87
2018-06-05  +0  100  24820  2482000 -17933700 -15451700 1.00 -3.86
2018-06-06  -1    0  24854        0 -15448300 -15448300 1.00 -3.86
2018-06-07  +0    0  25192        0 -15448300 -15448300 1.02 -3.86
2018-06-08  +0    0  25209        0 -15448300 -15448300 1.02 -3.86
2018-06-11  +0    0  25336        0 -15448300 -15448300 1.02 -3.86
2018-06-12  +0    0  25346        0 -15448300 -15448300 1.02 -3.86
2018-06-13  +0    0  25328        0 -15448300 -15448300 1.02 -3.86
2018-06-14  +0    0  25254        0 -15448300 -15448300 1.02 -3.86
2018-06-15  +0    0  25116        0 -15448300 -15448300 1.01 -3.86
2018-06-18  +0    0  24944        0 -15448300 -15448300 1.01 -3.86
2018-06-19  -1    0  24763        0 -15448300 -15448300 1.00 -3.86
2018-06-20  +0    0  24771        0 -15448300 -15448300 1.00 -3.86
2018-06-21  +0    0  24639        0 -15448300 -15448300 0.99 -3.86
2018-06-22  +0    0  24526        0 -15448300 -15448300 0.99 -3.86
2018-06-25  +0    0  24463        0 -15448300 -15448300 0.99 -3.86
2018-06-26  +0    0  24281        0 -15448300 -15448300 0.98 -3.86
2018-06-27  +0    0  24303        0 -15448300 -15448300 0.98 -3.86
2018-06-28  +0    0  24064        0 -15448300 -15448300 0.97 -3.86
2018-06-29  +0    0  24323        0 -15448300 -15448300 0.98 -3.86
2018-07-02  +0    0  24161        0 -15448300 -15448300 0.97 -3.86
2018-07-03  +0    0  24359        0 -15448300 -15448300 0.98 -3.86
2018-07-05  +0    0  24285        0 -15448300 -15448300 0.98 -3.86
2018-07-06  +0    0  24352        0 -15448300 -15448300 0.98 -3.86
2018-07-09  +0    0  24519        0 -15448300 -15448300 0.99 -3.86
2018-07-10  +0    0  24806        0 -15448300 -15448300 1.00 -3.86
2018-07-11  +0    0  24789        0 -15448300 -15448300 1.00 -3.86
2018-07-12  +0    0  24802        0 -15448300 -15448300 1.00 -3.86
2018-07-13  +0    0  24926        0 -15448300 -15448300 1.00 -3.86
2018-07-16  +0    0  25025        0 -15448300 -15448300 1.01 -3.86
2018-07-17  +0    0  25033        0 -15448300 -15448300 1.01 -3.86
2018-07-18  +0    0  25133        0 -15448300 -15448300 1.01 -3.86
2018-07-19  +0    0  25139        0 -15448300 -15448300 1.01 -3.86
2018-07-20  +0    0  25041        0 -15448300 -15448300 1.01 -3.86
2018-07-23  +0    0  25036        0 -15448300 -15448300 1.01 -3.86
2018-07-24  +0    0  25092        0 -15448300 -15448300 1.01 -3.86
2018-07-25  +0    0  25183        0 -15448300 -15448300 1.02 -3.86
2018-07-26  +0    0  25468        0 -15448300 -15448300 1.03 -3.86
2018-07-27  +0    0  25520        0 -15448300 -15448300 1.03 -3.86
2018-07-30  +0    0  25439        0 -15448300 -15448300 1.03 -3.86
2018-07-31  +0    0  25345        0 -15448300 -15448300 1.02 -3.86
2018-08-01  +0    0  25461        0 -15448300 -15448300 1.03 -3.86
2018-08-02  +0    0  25256        0 -15448300 -15448300 1.02 -3.86
2018-08-03  +0    0  25360        0 -15448300 -15448300 1.02 -3.86
2018-08-06  +0    0  25437        0 -15448300 -15448300 1.03 -3.86
2018-08-07  +0    0  25551        0 -15448300 -15448300 1.03 -3.86
2018-08-08  +0    0  25615        0 -15448300 -15448300 1.03 -3.86
2018-08-09  +0    0  25589        0 -15448300 -15448300 1.03 -3.86
2018-08-10  +0    0  25401        0 -15448300 -15448300 1.02 -3.86
2018-08-13  -1    0  25327        0 -15448300 -15448300 1.02 -3.86
2018-08-14  +0    0  25215        0 -15448300 -15448300 1.02 -3.86
2018-08-15  -1    0  25235        0 -15448300 -15448300 1.02 -3.86
2018-08-16  +0    0  25294        0 -15448300 -15448300 1.02 -3.86
2018-08-17  -1    0  25550        0 -15448300 -15448300 1.03 -3.86
2018-08-20  -1    0  25727        0 -15448300 -15448300 1.04 -3.86
2018-08-21  -1    0  25786        0 -15448300 -15448300 1.04 -3.86
2018-08-22  +0    0  25825        0 -15448300 -15448300 1.04 -3.86
2018-08-23  +0    0  25714        0 -15448300 -15448300 1.04 -3.86
2018-08-24  +0    0  25688        0 -15448300 -15448300 1.04 -3.86
2018-08-27  +0    0  25882        0 -15448300 -15448300 1.04 -3.86
2018-08-28  +0    0  26092        0 -15448300 -15448300 1.05 -3.86
2018-08-29  +0    0  26082        0 -15448300 -15448300 1.05 -3.86
2018-08-30  +0    0  26099        0 -15448300 -15448300 1.05 -3.86
2018-08-31  +0    0  25964        0 -15448300 -15448300 1.05 -3.86
2018-09-04  +0    0  25916        0 -15448300 -15448300 1.04 -3.86
2018-09-05  +0    0  25919        0 -15448300 -15448300 1.04 -3.86
2018-09-06  +0    0  25973        0 -15448300 -15448300 1.05 -3.86
2018-09-07  -1    0  25951        0 -15448300 -15448300 1.05 -3.86
2018-09-10  -1    0  25991        0 -15448300 -15448300 1.05 -3.86
2018-09-11  -1    0  25841        0 -15448300 -15448300 1.04 -3.86
2018-09-12  -1    0  25989        0 -15448300 -15448300 1.05 -3.86
2018-09-13  -1    0  26083        0 -15448300 -15448300 1.05 -3.86
2018-09-14  -1    0  26169        0 -15448300 -15448300 1.05 -3.86
2018-09-17  -1    0  26151        0 -15448300 -15448300 1.05 -3.86
2018-09-18  -1    0  26076        0 -15448300 -15448300 1.05 -3.86
2018-09-19  -1    0  26287        0 -15448300 -15448300 1.06 -3.86
2018-09-20  +0    0  26519        0 -15448300 -15448300 1.07 -3.86
2018-09-21  +0    0  26726        0 -15448300 -15448300 1.08 -3.86
2018-09-24  +0    0  26705        0 -15448300 -15448300 1.08 -3.86
2018-09-25  +0    0  26601        0 -15448300 -15448300 1.07 -3.86
2018-09-26  +0    0  26536        0 -15448300 -15448300 1.07 -3.86
2018-09-27  +0    0  26418        0 -15448300 -15448300 1.06 -3.86
2018-09-28  +0    0  26407        0 -15448300 -15448300 1.06 -3.86
2018-10-01  -1    0  26598        0 -15448300 -15448300 1.07 -3.86
2018-10-02  -1    0  26648        0 -15448300 -15448300 1.07 -3.86
2018-10-03  +0    0  26833        0 -15448300 -15448300 1.08 -3.86
2018-10-04  +0    0  26784        0 -15448300 -15448300 1.08 -3.86
2018-10-05  +0    0  26632        0 -15448300 -15448300 1.07 -3.86
2018-10-08  -1    0  26399        0 -15448300 -15448300 1.06 -3.86
2018-10-09  -1    0  26469        0 -15448300 -15448300 1.07 -3.86
2018-10-10  -1    0  26441        0 -15448300 -15448300 1.07 -3.86
2018-10-11  +0    0  25518        0 -15448300 -15448300 1.03 -3.86
2018-10-12  +0    0  25407        0 -15448300 -15448300 1.02 -3.86
2018-10-15  +0    0  25332        0 -15448300 -15448300 1.02 -3.86
2018-10-16  +0    0  25351        0 -15448300 -15448300 1.02 -3.86
2018-10-17  +0    0  25705        0 -15448300 -15448300 1.04 -3.86
2018-10-18  +0    0  25645        0 -15448300 -15448300 1.03 -3.86
2018-10-19  +0    0  25421        0 -15448300 -15448300 1.02 -3.86
2018-10-22  +0    0  25492        0 -15448300 -15448300 1.03 -3.86
2018-10-23  +0    0  25038        0 -15448300 -15448300 1.01 -3.86
2018-10-24  +0    0  25172        0 -15448300 -15448300 1.01 -3.86
2018-10-25  +0    0  24736        0 -15448300 -15448300 1.00 -3.86
2018-10-26  +0    0  24770        0 -15448300 -15448300 1.00 -3.86
2018-10-29  +0    0  24818        0 -15448300 -15448300 1.00 -3.86
2018-10-30  +0    0  24482        0 -15448300 -15448300 0.99 -3.86
2018-10-31  +0    0  25008        0 -15448300 -15448300 1.01 -3.86
2018-11-01  +0    0  25142        0 -15448300 -15448300 1.01 -3.86
2018-11-02  +1  100  25443  2544300 -17992600 -15448300 1.03 -3.86
2018-11-05  +1  100  25261  2526100 -20518700 -17992600 1.02 -4.50
2018-11-06  +1  100  25452  2545200 -23063900 -20518700 1.03 -5.13
2018-11-07  +0  100  25788  2578800 -23063900 -20485100 1.04 -5.12
2018-11-08  +0  100  26139  2613900 -23063900 -20450000 1.05 -5.11
2018-11-09  +0  100  26149  2614900 -23063900 -20449000 1.05 -5.11
2018-11-12  +0  100  25959  2595900 -23063900 -20468000 1.05 -5.12
2018-11-13  +1  100  25321  2532100 -25596000 -23063900 1.02 -5.77
2018-11-14  +1  100  25388  2538800 -28134800 -25596000 1.02 -6.40
2018-11-15  +1  100  25061  2506100 -30640900 -28134800 1.01 -7.03
2018-11-16  +1  100  25242  2524200 -33165100 -30640900 1.02 -7.66
2018-11-19  +0  100  25392  2539200 -33165100 -30625900 1.02 -7.66
2018-11-20  +0  100  24618  2461800 -33165100 -30703300 0.99 -7.68
2018-11-21  +0  100  24541  2454100 -33165100 -30711000 0.99 -7.68
2018-11-23  +0  100  24336  2433600 -33165100 -30731500 0.98 -7.68
2018-11-26  +0  100  24364  2436400 -33165100 -30728700 0.98 -7.68
2018-11-27  +0  100  24557  2455700 -33165100 -30709400 0.99 -7.68
2018-11-28  +0  100  24832  2483200 -33165100 -30681900 1.00 -7.67
2018-11-29  +0  100  25343  2534300 -33165100 -30630800 1.02 -7.66
2018-11-30  +0  100  25307  2530700 -33165100 -30634400 1.02 -7.66
2018-12-03  +0  100  25779  2577900 -33165100 -30587200 1.04 -7.65
2018-12-04  +0  100  25752  2575200 -33165100 -30589900 1.04 -7.65
2018-12-06  +1  100  24737  2473700 -35638800 -33165100 1.00 -8.29
2018-12-07  +1  100  24918  2491800 -38130600 -35638800 1.00 -8.91
2018-12-10  +1  100  24360  2436000 -40566600 -38130600 0.98 -9.53
2018-12-11  +0  100  24719  2471900 -40566600 -38094700 1.00 -9.52
2018-12-12  +0  100  24509  2450900 -40566600 -38115700 0.99 -9.53
2018-12-13  +0  100  24575  2457500 -40566600 -38109100 0.99 -9.53
2018-12-14  +0  100  24408  2440800 -40566600 -38125800 0.98 -9.53
2018-12-17  +0  100  23986  2398600 -40566600 -38168000 0.97 -9.54
2018-12-18  +0  100  23769  2376900 -40566600 -38189700 0.96 -9.55
2018-12-19  +0  100  23693  2369300 -40566600 -38197300 0.96 -9.55
2018-12-20  +0  100  23224  2322400 -40566600 -38244200 0.94 -9.56
2018-12-21  +0  100  22871  2287100 -40566600 -38279500 0.92 -9.57
2018-12-24  +0  100  22317  2231700 -40566600 -38334900 0.90 -9.58
2018-12-26  +0  100  21857  2185700 -40566600 -38380900 0.88 -9.60
2018-12-27  +0  100  22629  2262900 -40566600 -38303700 0.91 -9.58
2018-12-28  +0  100  23213  2321300 -40566600 -38245300 0.94 -9.56
2018-12-31  +0  100  23153  2315300 -40566600 -38251300 0.93 -9.56
2019-01-02  +0  100  23058  2305800 -40566600 -38260800 0.93 -9.57
2019-01-03  +1  100  23176  2317600 -42884200 -40566600 0.93 -10.14
2019-01-04  +1  100  22894  2289400 -45173600 -42884200 0.92 -10.72
2019-01-07  +1  100  23474  2347400 -47521000 -45173600 0.95 -11.29
2019-01-08  +1  100  23680  2368000 -49889000 -47521000 0.95 -11.88
2019-01-09  +0  100  23844  2384400 -49889000 -47504600 0.96 -11.88
2019-01-10  +0  100  23811  2381100 -49889000 -47507900 0.96 -11.88
2019-01-11  +0  100  23940  2394000 -49889000 -47495000 0.96 -11.87
2019-01-14  +0  100  23880  2388000 -49889000 -47501000 0.96 -11.88
2019-01-15  +0  100  23914  2391400 -49889000 -47497600 0.96 -11.87
2019-01-16  +0  100  24139  2413900 -49889000 -47475100 0.97 -11.87
2019-01-17  +0  100  24147  2414700 -49889000 -47474300 0.97 -11.87
2019-01-18  +0  100  24534  2453400 -49889000 -47435600 0.99 -11.86
2019-01-22  +0  100  24607  2460700 -49889000 -47428300 0.99 -11.86
2019-01-23  +0  100  24577  2457700 -49889000 -47431300 0.99 -11.86
2019-01-24  +0  100  24579  2457900 -49889000 -47431100 0.99 -11.86
2019-01-25  +0  100  24687  2468700 -49889000 -47420300 1.00 -11.86
2019-01-28  +0  100  24596  2459600 -49889000 -47429400 0.99 -11.86
2019-01-29  +0  100  24519  2451900 -49889000 -47437100 0.99 -11.86
2019-01-30  +0  100  24826  2482600 -49889000 -47406400 1.00 -11.85
2019-01-31  +0  100  24954  2495400 -49889000 -47393600 1.01 -11.85
2019-02-01  +0  100  25025  2502500 -49889000 -47386500 1.01 -11.85
2019-02-04  +0  100  25062  2506200 -49889000 -47382800 1.01 -11.85
2019-02-05  +0  100  25287  2528700 -49889000 -47360300 1.02 -11.84
2019-02-06  +0  100  25371  2537100 -49889000 -47351900 1.02 -11.84
2019-02-07  +0  100  25265  2526500 -49889000 -47362500 1.02 -11.84
2019-02-08  +0  100  25042  2504200 -49889000 -47384800 1.01 -11.85
2019-02-11  +0  100  25142  2514200 -49889000 -47374800 1.01 -11.84
2019-02-12  +0  100  25152  2515200 -49889000 -47373800 1.01 -11.84
2019-02-13  +0  100  25480  2548000 -49889000 -47341000 1.03 -11.84
2019-02-14  +0  100  25460  2546000 -49889000 -47343000 1.03 -11.84
2019-02-15  +0  100  25564  2556400 -49889000 -47332600 1.03 -11.83
2019-02-19  +0  100  25849  2584900 -49889000 -47304100 1.04 -11.83
2019-02-20  +0  100  25872  2587200 -49889000 -47301800 1.04 -11.83
2019-02-21  +0  100  25922  2592200 -49889000 -47296800 1.04 -11.82
2019-02-22  +0  100  25906  2590600 -49889000 -47298400 1.04 -11.82
2019-02-25  +0  100  26126  2612600 -49889000 -47276400 1.05 -11.82
2019-02-26  +0  100  26051  2605100 -49889000 -47283900 1.05 -11.82
2019-02-27  +0  100  25995  2599500 -49889000 -47289500 1.05 -11.82
2019-02-28  +0  100  25984  2598400 -49889000 -47290600 1.05 -11.82
2019-03-01  -1    0  26019        0 -47287100 -47287100 1.05 -11.82
2019-03-04  -1    0  26122        0 -47287100 -47287100 1.05 -11.82
2019-03-05  -1    0  25829        0 -47287100 -47287100 1.04 -11.82
2019-03-06  -1    0  25818        0 -47287100 -47287100 1.04 -11.82
2019-03-07  -1    0  25645        0 -47287100 -47287100 1.03 -11.82
2019-03-08  +0    0  25347        0 -47287100 -47287100 1.02 -11.82
2019-03-11  +0    0  25208        0 -47287100 -47287100 1.02 -11.82
2019-03-12  +0    0  25600        0 -47287100 -47287100 1.03 -11.82
2019-03-13  +0    0  25637        0 -47287100 -47287100 1.03 -11.82
2019-03-14  -1    0  25692        0 -47287100 -47287100 1.04 -11.82
2019-03-15  -1    0  25720        0 -47287100 -47287100 1.04 -11.82
2019-03-18  -1    0  25801        0 -47287100 -47287100 1.04 -11.82
2019-03-19  -1    0  25987        0 -47287100 -47287100 1.05 -11.82
2019-03-20  -1    0  25867        0 -47287100 -47287100 1.04 -11.82
2019-03-21  +0    0  25688        0 -47287100 -47287100 1.04 -11.82
2019-03-22  -1    0  25844        0 -47287100 -47287100 1.04 -11.82
2019-03-25  +0    0  25490        0 -47287100 -47287100 1.03 -11.82
2019-03-26  +0    0  25649        0 -47287100 -47287100 1.03 -11.82
2019-03-27  +0    0  25676        0 -47287100 -47287100 1.03 -11.82
2019-03-28  +0    0  25693        0 -47287100 -47287100 1.04 -11.82
2019-03-29  +0    0  25827        0 -47287100 -47287100 1.04 -11.82
2019-04-01  -1    0  26075        0 -47287100 -47287100 1.05 -11.82
2019-04-02  +0    0  26213        0 -47287100 -47287100 1.06 -11.82
2019-04-03  +0    0  26238        0 -47287100 -47287100 1.06 -11.82
2019-04-04  +0    0  26213        0 -47287100 -47287100 1.06 -11.82
2019-04-05  +0    0  26427        0 -47287100 -47287100 1.07 -11.82
2019-04-08  +0    0  26312        0 -47287100 -47287100 1.06 -11.82
2019-04-09  +0    0  26243        0 -47287100 -47287100 1.06 -11.82
2019-04-10  +0    0  26173        0 -47287100 -47287100 1.05 -11.82
2019-04-11  +0    0  26188        0 -47287100 -47287100 1.06 -11.82
2019-04-12  +0    0  26357        0 -47287100 -47287100 1.06 -11.82
2019-04-15  +0    0  26407        0 -47287100 -47287100 1.06 -11.82
2019-04-16  +0    0  26482        0 -47287100 -47287100 1.07 -11.82
2019-04-17  +0    0  26468        0 -47287100 -47287100 1.07 -11.82
2019-04-18  +0    0  26463        0 -47287100 -47287100 1.07 -11.82
2019-04-22  +0    0  26510        0 -47287100 -47287100 1.07 -11.82
2019-04-23  +0    0  26513        0 -47287100 -47287100 1.07 -11.82
2019-04-24  +0    0  26652        0 -47287100 -47287100 1.07 -11.82
2019-04-25  +0    0  26426        0 -47287100 -47287100 1.07 -11.82
2019-04-26  +0    0  26454        0 -47287100 -47287100 1.07 -11.82
2019-04-29  -1    0  26559        0 -47287100 -47287100 1.07 -11.82
2019-04-30  -1    0  26594        0 -47287100 -47287100 1.07 -11.82
2019-05-01  -1    0  26639        0 -47287100 -47287100 1.07 -11.82
2019-05-02  -1    0  26407        0 -47287100 -47287100 1.06 -11.82
2019-05-03  +0    0  26379        0 -47287100 -47287100 1.06 -11.82
2019-05-06  -1    0  26160        0 -47287100 -47287100 1.05 -11.82
2019-05-07  -1    0  26276        0 -47287100 -47287100 1.06 -11.82
2019-05-08  +0    0  25933        0 -47287100 -47287100 1.05 -11.82
2019-05-09  +0    0  25878        0 -47287100 -47287100 1.04 -11.82
2019-05-10  +0    0  25763        0 -47287100 -47287100 1.04 -11.82
2019-05-13  +0    0  25568        0 -47287100 -47287100 1.03 -11.82
2019-05-14  +0    0  25384        0 -47287100 -47287100 1.02 -11.82
2019-05-15  +0    0  25400        0 -47287100 -47287100 1.02 -11.82
2019-05-16  +0    0  25692        0 -47287100 -47287100 1.04 -11.82
2019-05-17  +0    0  25719        0 -47287100 -47287100 1.04 -11.82
2019-05-20  +0    0  25655        0 -47287100 -47287100 1.03 -11.82
2019-05-21  +0    0  25782        0 -47287100 -47287100 1.04 -11.82
2019-05-22  +0    0  25818        0 -47287100 -47287100 1.04 -11.82
2019-05-23  +0    0  25657        0 -47287100 -47287100 1.03 -11.82
2019-05-24  +0    0  25551        0 -47287100 -47287100 1.03 -11.82
2019-05-28  +0    0  25616        0 -47287100 -47287100 1.03 -11.82
2019-05-29  +0    0  25231        0 -47287100 -47287100 1.02 -11.82
2019-05-30  +0    0  25139        0 -47287100 -47287100 1.01 -11.82
2019-05-31  +0    0  25046        0 -47287100 -47287100 1.01 -11.82
2019-06-03  +0    0  24830        0 -47287100 -47287100 1.00 -11.82
2019-06-04  +0    0  24962        0 -47287100 -47287100 1.01 -11.82
2019-06-05  +0    0  25451        0 -47287100 -47287100 1.03 -11.82
2019-06-06  +0    0  25567        0 -47287100 -47287100 1.03 -11.82
2019-06-07  +0    0  25768        0 -47287100 -47287100 1.04 -11.82
2019-06-10  +0    0  26090        0 -47287100 -47287100 1.05 -11.82
2019-06-11  +0    0  26180        0 -47287100 -47287100 1.06 -11.82
2019-06-12  +0    0  26040        0 -47287100 -47287100 1.05 -11.82
2019-06-13  +0    0  26036        0 -47287100 -47287100 1.05 -11.82
2019-06-14  +0    0  26076        0 -47287100 -47287100 1.05 -11.82
2019-06-17  +0    0  26108        0 -47287100 -47287100 1.05 -11.82
2019-06-18  +0    0  26228        0 -47287100 -47287100 1.06 -11.82
2019-06-19  +0    0  26490        0 -47287100 -47287100 1.07 -11.82
2019-06-20  +0    0  26665        0 -47287100 -47287100 1.07 -11.82
2019-06-21  +0    0  26749        0 -47287100 -47287100 1.08 -11.82
2019-06-24  +0    0  26727        0 -47287100 -47287100 1.08 -11.82
2019-06-25  +0    0  26731        0 -47287100 -47287100 1.08 -11.82
2019-06-26  +0    0  26599        0 -47287100 -47287100 1.07 -11.82
2019-06-27  +0    0  26523        0 -47287100 -47287100 1.07 -11.82
2019-06-28  +0    0  26605        0 -47287100 -47287100 1.07 -11.82
2019-07-01  +0    0  26805        0 -47287100 -47287100 1.08 -11.82
2019-07-02  +0    0  26719        0 -47287100 -47287100 1.08 -11.82
2019-07-03  +0    0  26832        0 -47287100 -47287100 1.08 -11.82
2019-07-05  +0    0  26867        0 -47287100 -47287100 1.08 -11.82
2019-07-08  +0    0  26835        0 -47287100 -47287100 1.08 -11.82
2019-07-09  +0    0  26725        0 -47287100 -47287100 1.08 -11.82
2019-07-10  +0    0  26851        0 -47287100 -47287100 1.08 -11.82
2019-07-11  -1    0  26950        0 -47287100 -47287100 1.09 -11.82
2019-07-12  +0    0  27139        0 -47287100 -47287100 1.09 -11.82
2019-07-15  +0    0  27364        0 -47287100 -47287100 1.10 -11.82
2019-07-16  +0    0  27349        0 -47287100 -47287100 1.10 -11.82
2019-07-17  +0    0  27320        0 -47287100 -47287100 1.10 -11.82
2019-07-18  +0    0  27191        0 -47287100 -47287100 1.10 -11.82
2019-07-19  +0    0  27246        0 -47287100 -47287100 1.10 -11.82
2019-07-22  +0    0  27174        0 -47287100 -47287100 1.10 -11.82
2019-07-23  -1    0  27231        0 -47287100 -47287100 1.10 -11.82
2019-07-24  -1    0  27262        0 -47287100 -47287100 1.10 -11.82
2019-07-25  -1    0  27247        0 -47287100 -47287100 1.10 -11.82
2019-07-26  -1    0  27166        0 -47287100 -47287100 1.10 -11.82
2019-07-29  -1    0  27192        0 -47287100 -47287100 1.10 -11.82
2019-07-30  -1    0  27145        0 -47287100 -47287100 1.09 -11.82
2019-07-31  -1    0  27244        0 -47287100 -47287100 1.10 -11.82
2019-08-01  +0    0  26879        0 -47287100 -47287100 1.08 -11.82
2019-08-02  +0    0  26528        0 -47287100 -47287100 1.07 -11.82
2019-08-05  +0    0  26259        0 -47287100 -47287100 1.06 -11.82
2019-08-06  +0    0  25810        0 -47287100 -47287100 1.04 -11.82
2019-08-07  +0    0  25814        0 -47287100 -47287100 1.04 -11.82
2019-08-08  +0    0  26086        0 -47287100 -47287100 1.05 -11.82
2019-08-09  +0    0  26337        0 -47287100 -47287100 1.06 -11.82
2019-08-12  +0    0  26169        0 -47287100 -47287100 1.05 -11.82
2019-08-13  +0    0  25888        0 -47287100 -47287100 1.04 -11.82
2019-08-14  +0    0  26035        0 -47287100 -47287100 1.05 -11.82
2019-08-15  +0    0  25514        0 -47287100 -47287100 1.03 -11.82
2019-08-16  +0    0  25678        0 -47287100 -47287100 1.04 -11.82
2019-08-19  +0    0  26020        0 -47287100 -47287100 1.05 -11.82
2019-08-20  +0    0  26086        0 -47287100 -47287100 1.05 -11.82
2019-08-21  +0    0  26145        0 -47287100 -47287100 1.05 -11.82
2019-08-22  +0    0  26271        0 -47287100 -47287100 1.06 -11.82
2019-08-23  +0    0  26134        0 -47287100 -47287100 1.05 -11.82
2019-08-26  +0    0  25826        0 -47287100 -47287100 1.04 -11.82
2019-08-27  +0    0  26014        0 -47287100 -47287100 1.05 -11.82
2019-08-28  +0    0  25712        0 -47287100 -47287100 1.04 -11.82
2019-08-29  +1  100  26249  2624900 -49912000 -47287100 1.06 -11.82
2019-08-30  +0  100  26476  2647600 -49912000 -47264400 1.07 -11.82
2019-09-03  +0  100  26198  2619800 -49912000 -47292200 1.06 -11.82
2019-09-04  +1  100  26301  2630100 -52542100 -49912000 1.06 -12.48
2019-09-05  +0  100  26603  2660300 -52542100 -49881800 1.07 -12.47
2019-09-06  +0  100  26790  2679000 -52542100 -49863100 1.08 -12.47
2019-09-09  +0  100  26866  2686600 -52542100 -49855500 1.08 -12.46
2019-09-10  +0  100  26805  2680500 -52542100 -49861600 1.08 -12.47
2019-09-11  +0  100  26928  2692800 -52542100 -49849300 1.09 -12.46
2019-09-12  +0  100  27197  2719700 -52542100 -49822400 1.10 -12.46
2019-09-13  +0  100  27216  2721600 -52542100 -49820500 1.10 -12.46
2019-09-16  +0  100  27146  2714600 -52542100 -49827500 1.09 -12.46
2019-09-17  +0  100  27010  2701000 -52542100 -49841100 1.09 -12.46
2019-09-18  +0  100  27075  2707500 -52542100 -49834600 1.09 -12.46
2019-09-19  +0  100  27186  2718600 -52542100 -49823500 1.10 -12.46
2019-09-20  +0  100  27102  2710200 -52542100 -49831900 1.09 -12.46
2019-09-23  +0  100  26851  2685100 -52542100 -49857000 1.08 -12.46
2019-09-24  +0  100  27034  2703400 -52542100 -49838700 1.09 -12.46
2019-09-25  +0  100  26866  2686600 -52542100 -49855500 1.08 -12.46
2019-09-26  -1    0  27004        0 -49841700 -49841700 1.09 -12.46
2019-09-27  -1    0  26987        0 -49841700 -49841700 1.09 -12.46
2019-09-30  -1    0  26852        0 -49841700 -49841700 1.08 -12.46
2019-10-01  -1    0  26962        0 -49841700 -49841700 1.09 -12.46
2019-10-02  +0    0  26425        0 -49841700 -49841700 1.07 -12.46
2019-10-03  +0    0  26039        0 -49841700 -49841700 1.05 -12.46
2019-10-04  +0    0  26271        0 -49841700 -49841700 1.06 -12.46
2019-10-07  +0    0  26502        0 -49841700 -49841700 1.07 -12.46
2019-10-08  +0    0  26276        0 -49841700 -49841700 1.06 -12.46
2019-10-09  +0    0  26308        0 -49841700 -49841700 1.06 -12.46
2019-10-10  +0    0  26317        0 -49841700 -49841700 1.06 -12.46
2019-10-11  +0    0  26694        0 -49841700 -49841700 1.08 -12.46
2019-10-14  -1    0  26766        0 -49841700 -49841700 1.08 -12.46
2019-10-15  +0    0  26811        0 -49841700 -49841700 1.08 -12.46
2019-10-16  +0    0  26972        0 -49841700 -49841700 1.09 -12.46
2019-10-17  +0    0  27032        0 -49841700 -49841700 1.09 -12.46
2019-10-18  +0    0  27004        0 -49841700 -49841700 1.09 -12.46
2019-10-21  +0    0  26852        0 -49841700 -49841700 1.08 -12.46
2019-10-22  +0    0  26850        0 -49841700 -49841700 1.08 -12.46
2019-10-23  +0    0  26835        0 -49841700 -49841700 1.08 -12.46
2019-10-24  +0    0  26893        0 -49841700 -49841700 1.08 -12.46
2019-10-25  +0    0  26789        0 -49841700 -49841700 1.08 -12.46
2019-10-28  +0    0  27040        0 -49841700 -49841700 1.09 -12.46
2019-10-29  +0    0  27061        0 -49841700 -49841700 1.09 -12.46
2019-10-30  +0    0  27110        0 -49841700 -49841700 1.09 -12.46
2019-10-31  +0    0  27188        0 -49841700 -49841700 1.10 -12.46
2019-11-01  +0    0  27142        0 -49841700 -49841700 1.09 -12.46
2019-11-04  +0    0  27402        0 -49841700 -49841700 1.10 -12.46
2019-11-05  +0    0  27500        0 -49841700 -49841700 1.11 -12.46
2019-11-06  +0    0  27502        0 -49841700 -49841700 1.11 -12.46
2019-11-07  +0    0  27590        0 -49841700 -49841700 1.11 -12.46
2019-11-08  +0    0  27686        0 -49841700 -49841700 1.12 -12.46
2019-11-11  +0    0  27580        0 -49841700 -49841700 1.11 -12.46
2019-11-12  +0    0  27701        0 -49841700 -49841700 1.12 -12.46
2019-11-13  +0    0  27622        0 -49841700 -49841700 1.11 -12.46
2019-11-14  +0    0  27757        0 -49841700 -49841700 1.12 -12.46
2019-11-15  +0    0  27843        0 -49841700 -49841700 1.12 -12.46
2019-11-18  +0    0  27993        0 -49841700 -49841700 1.13 -12.46
2019-11-19  +0    0  28079        0 -49841700 -49841700 1.13 -12.46
2019-11-20  +0    0  27879        0 -49841700 -49841700 1.12 -12.46
2019-11-21  +0    0  27820        0 -49841700 -49841700 1.12 -12.46
2019-11-22  -1    0  27831        0 -49841700 -49841700 1.12 -12.46
2019-11-25  -1    0  27917        0 -49841700 -49841700 1.13 -12.46
2019-11-26  -1    0  28080        0 -49841700 -49841700 1.13 -12.46
2019-11-27  -1    0  28156        0 -49841700 -49841700 1.13 -12.46
2019-11-29  -1    0  28103        0 -49841700 -49841700 1.13 -12.46
2019-12-02  -1    0  28109        0 -49841700 -49841700 1.13 -12.46
2019-12-03  -1    0  27501        0 -49841700 -49841700 1.11 -12.46
2019-12-04  +0    0  27634        0 -49841700 -49841700 1.11 -12.46
2019-12-05  +0    0  27736        0 -49841700 -49841700 1.12 -12.46
2019-12-06  +0    0  27839        0 -49841700 -49841700 1.12 -12.46
2019-12-09  -1    0  27987        0 -49841700 -49841700 1.13 -12.46
2019-12-10  -1    0  27900        0 -49841700 -49841700 1.12 -12.46
2019-12-11  -1    0  27867        0 -49841700 -49841700 1.12 -12.46
2019-12-12  -1    0  27898        0 -49841700 -49841700 1.12 -12.46
2019-12-13  -1    0  28123        0 -49841700 -49841700 1.13 -12.46
2019-12-16  +0    0  28191        0 -49841700 -49841700 1.14 -12.46
2019-12-17  +0    0  28221        0 -49841700 -49841700 1.14 -12.46
2019-12-18  +0    0  28291        0 -49841700 -49841700 1.14 -12.46
2019-12-19  +0    0  28278        0 -49841700 -49841700 1.14 -12.46
2019-12-20  +0    0  28608        0 -49841700 -49841700 1.15 -12.46
2019-12-23  +0    0  28491        0 -49841700 -49841700 1.15 -12.46
2019-12-24  +0    0  28572        0 -49841700 -49841700 1.15 -12.46
2019-12-26  +0    0  28539        0 -49841700 -49841700 1.15 -12.46
2019-12-27  +0    0  28675        0 -49841700 -49841700 1.16 -12.46
2019-12-30  +0    0  28654        0 -49841700 -49841700 1.15 -12.46
2019-12-31  +0    0  28414        0 -49841700 -49841700 1.15 -12.46
2020-01-02  +0    0  28638        0 -49841700 -49841700 1.15 -12.46
2020-01-03  +0    0  28553        0 -49841700 -49841700 1.15 -12.46
2020-01-06  +0    0  28465        0 -49841700 -49841700 1.15 -12.46
2020-01-07  +0    0  28639        0 -49841700 -49841700 1.15 -12.46
2020-01-08  -1    0  28556        0 -49841700 -49841700 1.15 -12.46
2020-01-09  -1    0  28851        0 -49841700 -49841700 1.16 -12.46
2020-01-10  +0    0  28977        0 -49841700 -49841700 1.17 -12.46
2020-01-13  +0    0  28869        0 -49841700 -49841700 1.16 -12.46
2020-01-14  +0    0  28895        0 -49841700 -49841700 1.16 -12.46
2020-01-15  +0    0  28901        0 -49841700 -49841700 1.16 -12.46
2020-01-16  +0    0  29131        0 -49841700 -49841700 1.17 -12.46
2020-01-17  +0    0  29313        0 -49841700 -49841700 1.18 -12.46
2020-01-21  +0    0  29269        0 -49841700 -49841700 1.18 -12.46
2020-01-22  +0    0  29263        0 -49841700 -49841700 1.18 -12.46
2020-01-23  +0    0  29111        0 -49841700 -49841700 1.17 -12.46
2020-01-24  +0    0  29230        0 -49841700 -49841700 1.18 -12.46
2020-01-27  -1    0  28542        0 -49841700 -49841700 1.15 -12.46
2020-01-28  +0    0  28594        0 -49841700 -49841700 1.15 -12.46
2020-01-29  +0    0  28820        0 -49841700 -49841700 1.16 -12.46
2020-01-30  +0    0  28640        0 -49841700 -49841700 1.15 -12.46
2020-01-31  -1    0  28813        0 -49841700 -49841700 1.16 -12.46
2020-02-03  +0    0  28319        0 -49841700 -49841700 1.14 -12.46
2020-02-04  +0    0  28696        0 -49841700 -49841700 1.16 -12.46
2020-02-05  +0    0  29048        0 -49841700 -49841700 1.17 -12.46
2020-02-06  -1    0  29388        0 -49841700 -49841700 1.18 -12.46
2020-02-07  +0    0  29286        0 -49841700 -49841700 1.18 -12.46
2020-02-10  +0    0  28995        0 -49841700 -49841700 1.17 -12.46
2020-02-11  +0    0  29390        0 -49841700 -49841700 1.18 -12.46
2020-02-12  +0    0  29406        0 -49841700 -49841700 1.19 -12.46
2020-02-13  +0    0  29436        0 -49841700 -49841700 1.19 -12.46
2020-02-14  +0    0  29440        0 -49841700 -49841700 1.19 -12.46
2020-02-18  +0    0  29282        0 -49841700 -49841700 1.18 -12.46
2020-02-19  +0    0  29312        0 -49841700 -49841700 1.18 -12.46
2020-02-20  +0    0  29296        0 -49841700 -49841700 1.18 -12.46
2020-02-21  +0    0  29146        0 -49841700 -49841700 1.17 -12.46
2020-02-24  +0    0  28402        0 -49841700 -49841700 1.14 -12.46
2020-02-25  +0    0  28037        0 -49841700 -49841700 1.13 -12.46
2020-02-26  +0    0  27159        0 -49841700 -49841700 1.09 -12.46
2020-02-27  +0    0  26526        0 -49841700 -49841700 1.07 -12.46
2020-02-28  +0    0  25270        0 -49841700 -49841700 1.02 -12.46
2020-03-02  +0    0  25590        0 -49841700 -49841700 1.03 -12.46
2020-03-03  +0    0  26762        0 -49841700 -49841700 1.08 -12.46
2020-03-04  +0    0  26383        0 -49841700 -49841700 1.06 -12.46
2020-03-05  +0    0  26671        0 -49841700 -49841700 1.08 -12.46
2020-03-06  +0    0  25457        0 -49841700 -49841700 1.03 -12.46
2020-03-09  +0    0  24992        0 -49841700 -49841700 1.01 -12.46
2020-03-10  +0    0  24453        0 -49841700 -49841700 0.99 -12.46
2020-03-11  +0    0  24604        0 -49841700 -49841700 0.99 -12.46
2020-03-12  +0    0  22184        0 -49841700 -49841700 0.89 -12.46
2020-03-13  +0    0  21973        0 -49841700 -49841700 0.89 -12.46
2020-03-16  +0    0  20917        0 -49841700 -49841700 0.84 -12.46
2020-03-17  +0    0  20487        0 -49841700 -49841700 0.83 -12.46
2020-03-18  +0    0  20188        0 -49841700 -49841700 0.81 -12.46
2020-03-19  +0    0  19830        0 -49841700 -49841700 0.80 -12.46
2020-03-20  +0    0  20253        0 -49841700 -49841700 0.82 -12.46
2020-03-23  +0    0  19028        0 -49841700 -49841700 0.77 -12.46
2020-03-24  +0    0  19722        0 -49841700 -49841700 0.79 -12.46
2020-03-25  +0    0  21050        0 -49841700 -49841700 0.85 -12.46
2020-03-26  +0    0  21468        0 -49841700 -49841700 0.87 -12.46
2020-03-27  +1  100  21898  2189800 -52031500 -49841700 0.88 -12.46
2020-03-30  +1  100  21678  2167800 -54199300 -52031500 0.87 -13.01
2020-03-31  +1  100  22208  2220800 -56420100 -54199300 0.90 -13.55
2020-04-01  +1  100  21227  2122700 -58542800 -56420100 0.86 -14.11
2020-04-02  +1  100  20819  2081900 -60624700 -58542800 0.84 -14.64
2020-04-03  +1  100  21285  2128500 -62753200 -60624700 0.86 -15.16
2020-04-06  +1  100  21693  2169300 -64922500 -62753200 0.87 -15.69
2020-04-07  +0  100  23537  2353700 -64922500 -62568800 0.95 -15.64
2020-04-08  +0  100  22893  2289300 -64922500 -62633200 0.92 -15.66
2020-04-09  +0  100  23690  2369000 -64922500 -62553500 0.95 -15.64
2020-04-13  +0  100  23698  2369800 -64922500 -62552700 0.96 -15.64
2020-04-14  +0  100  23690  2369000 -64922500 -62553500 0.95 -15.64
2020-04-15  +0  100  23600  2360000 -64922500 -62562500 0.95 -15.64
2020-04-16  +0  100  23543  2354300 -64922500 -62568200 0.95 -15.64
2020-04-17  +0  100  23817  2381700 -64922500 -62540800 0.96 -15.64
2020-04-20  +0  100  24095  2409500 -64922500 -62513000 0.97 -15.63
2020-04-21  +0  100  23365  2336500 -64922500 -62586000 0.94 -15.65
2020-04-22  +0  100  23437  2343700 -64922500 -62578800 0.94 -15.64
2020-04-23  +0  100  23543  2354300 -64922500 -62568200 0.95 -15.64
2020-04-24  +0  100  23628  2362800 -64922500 -62559700 0.95 -15.64
2020-04-27  +0  100  23866  2386600 -64922500 -62535900 0.96 -15.63
2020-04-28  +0  100  24357  2435700 -64922500 -62486800 0.98 -15.62
2020-04-29  +0  100  24490  2449000 -64922500 -62473500 0.99 -15.62
2020-04-30  +0  100  24585  2458500 -64922500 -62464000 0.99 -15.62
2020-05-01  +0  100  24120  2412000 -64922500 -62510500 0.97 -15.63
2020-05-04  +0  100  23581  2358100 -64922500 -62564400 0.95 -15.64
2020-05-05  +0  100  23958  2395800 -64922500 -62526700 0.97 -15.63
2020-05-06  +0  100  23978  2397800 -64922500 -62524700 0.97 -15.63
2020-05-07  +0  100  23837  2383700 -64922500 -62538800 0.96 -15.63
2020-05-08  +0  100  24107  2410700 -64922500 -62511800 0.97 -15.63
2020-05-11  +0  100  24256  2425600 -64922500 -62496900 0.98 -15.62
2020-05-12  +0  100  24292  2429200 -64922500 -62493300 0.98 -15.62
2020-05-13  +0  100  23702  2370200 -64922500 -62552300 0.96 -15.64
2020-05-14  +0  100  23049  2304900 -64922500 -62617600 0.93 -15.65
2020-05-15  +0  100  23454  2345400 -64922500 -62577100 0.95 -15.64
2020-05-18  +0  100  24059  2405900 -64922500 -62516600 0.97 -15.63
2020-05-19  +0  100  24577  2457700 -64922500 -62464800 0.99 -15.62
2020-05-20  +0  100  24455  2445500 -64922500 -62477000 0.99 -15.62
2020-05-21  +0  100  24564  2456400 -64922500 -62466100 0.99 -15.62
2020-05-22  +0  100  24461  2446100 -64922500 -62476400 0.99 -15.62
2020-05-26  +0  100  24781  2478100 -64922500 -62444400 1.00 -15.61
2020-05-27  +0  100  25298  2529800 -64922500 -62392700 1.02 -15.60
2020-05-28  +0  100  25697  2569700 -64922500 -62352800 1.04 -15.59
2020-05-29  +0  100  25324  2532400 -64922500 -62390100 1.02 -15.60
2020-06-01  +0  100  25342  2534200 -64922500 -62388300 1.02 -15.60
2020-06-02  +0  100  25582  2558200 -64922500 -62364300 1.03 -15.59
2020-06-03  +0  100  25906  2590600 -64922500 -62331900 1.04 -15.58
2020-06-04  +0  100  26226  2622600 -64922500 -62299900 1.06 -15.57
2020-06-05  +0  100  26836  2683600 -64922500 -62238900 1.08 -15.56
2020-06-08  +0  100  27232  2723200 -64922500 -62199300 1.10 -15.55
2020-06-09  +0  100  27447  2744700 -64922500 -62177800 1.11 -15.54
2020-06-10  +0  100  27251  2725100 -64922500 -62197400 1.10 -15.55
2020-06-11  +0  100  26282  2628200 -64922500 -62294300 1.06 -15.57
2020-06-12  +0  100  25659  2565900 -64922500 -62356600 1.03 -15.59
2020-06-15  -1    0  25270        0 -62395500 -62395500 1.02 -15.60
2020-06-16  -1    0  26326        0 -62395500 -62395500 1.06 -15.60
2020-06-17  -1    0  26330        0 -62395500 -62395500 1.06 -15.60
2020-06-18  -1    0  26016        0 -62395500 -62395500 1.05 -15.60
2020-06-19  -1    0  26213        0 -62395500 -62395500 1.06 -15.60
2020-06-22  -1    0  25865        0 -62395500 -62395500 1.04 -15.60
2020-06-23  -1    0  26159        0 -62395500 -62395500 1.05 -15.60
2020-06-24  -1    0  25992        0 -62395500 -62395500 1.05 -15.60
2020-06-25  +0    0  25365        0 -62395500 -62395500 1.02 -15.60
2020-06-26  +0    0  25641        0 -62395500 -62395500 1.03 -15.60
2020-06-29  +0    0  25152        0 -62395500 -62395500 1.01 -15.60
2020-06-30  +0    0  25512        0 -62395500 -62395500 1.03 -15.60
2020-07-01  +0    0  25879        0 -62395500 -62395500 1.04 -15.60
2020-07-02  +0    0  25936        0 -62395500 -62395500 1.05 -15.60
2020-07-06  +0    0  25996        0 -62395500 -62395500 1.05 -15.60
2020-07-07  -1    0  26172        0 -62395500 -62395500 1.05 -15.60
2020-07-08  +0    0  25950        0 -62395500 -62395500 1.05 -15.60
2020-07-09  +0    0  26094        0 -62395500 -62395500 1.05 -15.60
2020-07-10  +0    0  25690        0 -62395500 -62395500 1.04 -15.60
2020-07-13  -1    0  26225        0 -62395500 -62395500 1.06 -15.60
2020-07-14  +0    0  26044        0 -62395500 -62395500 1.05 -15.60
2020-07-15  +0    0  27009        0 -62395500 -62395500 1.09 -15.60
2020-07-16  +0    0  26746        0 -62395500 -62395500 1.08 -15.60
2020-07-17  +0    0  26774        0 -62395500 -62395500 1.08 -15.60
2020-07-20  +0    0  26660        0 -62395500 -62395500 1.07 -15.60
2020-07-21  +0    0  26833        0 -62395500 -62395500 1.08 -15.60
2020-07-22  +0    0  26824        0 -62395500 -62395500 1.08 -15.60
2020-07-23  +0    0  26955        0 -62395500 -62395500 1.09 -15.60
2020-07-24  +0    0  26533        0 -62395500 -62395500 1.07 -15.60
2020-07-27  +0    0  26447        0 -62395500 -62395500 1.07 -15.60
2020-07-28  -1    0  26529        0 -62395500 -62395500 1.07 -15.60
2020-07-29  -1    0  26388        0 -62395500 -62395500 1.06 -15.60
2020-07-30  -1    0  26367        0 -62395500 -62395500 1.06 -15.60
2020-07-31  -1    0  26409        0 -62395500 -62395500 1.06 -15.60
2020-08-03  -1    0  26542        0 -62395500 -62395500 1.07 -15.60
2020-08-04  -1    0  26664        0 -62395500 -62395500 1.07 -15.60
2020-08-05  -1    0  26924        0 -62395500 -62395500 1.09 -15.60
2020-08-06  +0    0  27170        0 -62395500 -62395500 1.10 -15.60
2020-08-07  +0    0  27321        0 -62395500 -62395500 1.10 -15.60
2020-08-10  +0    0  27488        0 -62395500 -62395500 1.11 -15.60
2020-08-11  +0    0  27961        0 -62395500 -62395500 1.13 -15.60
2020-08-12  +0    0  27860        0 -62395500 -62395500 1.12 -15.60
2020-08-13  +0    0  27922        0 -62395500 -62395500 1.13 -15.60
2020-08-14  +0    0  27828        0 -62395500 -62395500 1.12 -15.60
2020-08-17  +0    0  27970        0 -62395500 -62395500 1.13 -15.60
2020-08-18  +0    0  27853        0 -62395500 -62395500 1.12 -15.60
2020-08-19  +0    0  27811        0 -62395500 -62395500 1.12 -15.60
2020-08-20  +0    0  27622        0 -62395500 -62395500 1.11 -15.60
2020-08-21  -1    0  27758        0 -62395500 -62395500 1.12 -15.60
2020-08-24  -1    0  28077        0 -62395500 -62395500 1.13 -15.60
2020-08-25  -1    0  28347        0 -62395500 -62395500 1.14 -15.60
2020-08-26  +0    0  28257        0 -62395500 -62395500 1.14 -15.60
2020-08-27  +0    0  28384        0 -62395500 -62395500 1.14 -15.60
2020-08-28  +0    0  28601        0 -62395500 -62395500 1.15 -15.60
2020-08-31  +0    0  28643        0 -62395500 -62395500 1.15 -15.60
2020-09-01  +0    0  28439        0 -62395500 -62395500 1.15 -15.60
2020-09-02  +0    0  28736        0 -62395500 -62395500 1.16 -15.60
2020-09-03  +0    0  29090        0 -62395500 -62395500 1.17 -15.60
2020-09-04  +0    0  28341        0 -62395500 -62395500 1.14 -15.60
2020-09-08  -1    0  27925        0 -62395500 -62395500 1.13 -15.60
2020-09-09  +0    0  27711        0 -62395500 -62395500 1.12 -15.60
2020-09-10  +0    0  28022        0 -62395500 -62395500 1.13 -15.60
2020-09-11  +0    0  27613        0 -62395500 -62395500 1.11 -15.60
2020-09-14  +0    0  27718        0 -62395500 -62395500 1.12 -15.60
2020-09-15  +0    0  28139        0 -62395500 -62395500 1.13 -15.60
2020-09-16  +0    0  28031        0 -62395500 -62395500 1.13 -15.60
2020-09-17  +0    0  27834        0 -62395500 -62395500 1.12 -15.60
2020-09-18  +0    0  27864        0 -62395500 -62395500 1.12 -15.60
2020-09-21  +0    0  27484        0 -62395500 -62395500 1.11 -15.60
2020-09-22  +0    0  27170        0 -62395500 -62395500 1.10 -15.60
2020-09-23  +0    0  27413        0 -62395500 -62395500 1.10 -15.60
2020-09-24  +0    0  26716        0 -62395500 -62395500 1.08 -15.60
2020-09-25  +0    0  26694        0 -62395500 -62395500 1.08 -15.60
2020-09-28  +0    0  27362        0 -62395500 -62395500 1.10 -15.60
2020-09-29  +0    0  27560        0 -62395500 -62395500 1.11 -15.60
2020-09-30  +0    0  27514        0 -62395500 -62395500 1.11 -15.60
2020-10-01  +0    0  27940        0 -62395500 -62395500 1.13 -15.60
2020-10-02  +0    0  27536        0 -62395500 -62395500 1.11 -15.60
2020-10-05  +0    0  27825        0 -62395500 -62395500 1.12 -15.60
2020-10-06  +0    0  28214        0 -62395500 -62395500 1.14 -15.60
2020-10-07  +0    0  27971        0 -62395500 -62395500 1.13 -15.60
2020-10-08  +0    0  28348        0 -62395500 -62395500 1.14 -15.60
2020-10-09  +0    0  28533        0 -62395500 -62395500 1.15 -15.60
2020-10-12  +0    0  28671        0 -62395500 -62395500 1.16 -15.60
2020-10-13  +0    0  28764        0 -62395500 -62395500 1.16 -15.60
2020-10-14  +0    0  28731        0 -62395500 -62395500 1.16 -15.60
2020-10-15  +0    0  28323        0 -62395500 -62395500 1.14 -15.60
2020-10-16  +0    0  28570        0 -62395500 -62395500 1.15 -15.60
2020-10-19  +0    0  28633        0 -62395500 -62395500 1.15 -15.60
2020-10-20  +0    0  28245        0 -62395500 -62395500 1.14 -15.60
2020-10-21  -1    0  28270        0 -62395500 -62395500 1.14 -15.60
2020-10-22  -1    0  28197        0 -62395500 -62395500 1.14 -15.60
2020-10-23  -1    0  28409        0 -62395500 -62395500 1.15 -15.60
2020-10-26  -1    0  28185        0 -62395500 -62395500 1.14 -15.60
2020-10-27  +0    0  27651        0 -62395500 -62395500 1.11 -15.60
2020-10-28  +0    0  27102        0 -62395500 -62395500 1.09 -15.60
2020-10-29  +0    0  26480        0 -62395500 -62395500 1.07 -15.60
2020-10-30  +0    0  26572        0 -62395500 -62395500 1.07 -15.60
2020-11-02  +0    0  26691        0 -62395500 -62395500 1.08 -15.60
2020-11-03  +0    0  27138        0 -62395500 -62395500 1.09 -15.60
2020-11-04  +0    0  27512        0 -62395500 -62395500 1.11 -15.60
2020-11-05  +0    0  28083        0 -62395500 -62395500 1.13 -15.60
2020-11-06  +0    0  28399        0 -62395500 -62395500 1.14 -15.60
2020-11-09  +0    0  29467        0 -62395500 -62395500 1.19 -15.60
2020-11-10  +0    0  29254        0 -62395500 -62395500 1.18 -15.60
2020-11-11  +0    0  29524        0 -62395500 -62395500 1.19 -15.60
2020-11-12  +0    0  29231        0 -62395500 -62395500 1.18 -15.60
2020-11-13  +0    0  29203        0 -62395500 -62395500 1.18 -15.60
2020-11-16  +0    0  29672        0 -62395500 -62395500 1.20 -15.60
2020-11-17  +0    0  29800        0 -62395500 -62395500 1.20 -15.60
2020-11-18  +0    0  29875        0 -62395500 -62395500 1.20 -15.60
2020-11-19  +0    0  29370        0 -62395500 -62395500 1.18 -15.60
2020-11-20  +0    0  29437        0 -62395500 -62395500 1.19 -15.60
2020-11-23  +0    0  29332        0 -62395500 -62395500 1.18 -15.60
2020-11-24  +0    0  29746        0 -62395500 -62395500 1.20 -15.60
2020-11-25  +0    0  30058        0 -62395500 -62395500 1.21 -15.60
2020-11-27  +0    0  29911        0 -62395500 -62395500 1.21 -15.60
2020-11-30  +0    0  29854        0 -62395500 -62395500 1.20 -15.60
2020-12-01  -1    0  29797        0 -62395500 -62395500 1.20 -15.60
2020-12-02  -1    0  29695        0 -62395500 -62395500 1.20 -15.60
2020-12-03  -1    0  29920        0 -62395500 -62395500 1.21 -15.60
2020-12-04  -1    0  29989        0 -62395500 -62395500 1.21 -15.60
2020-12-07  -1    0  30233        0 -62395500 -62395500 1.22 -15.60
2020-12-08  -1    0  29997        0 -62395500 -62395500 1.21 -15.60
2020-12-09  -1    0  30229        0 -62395500 -62395500 1.22 -15.60
2020-12-10  -1    0  30032        0 -62395500 -62395500 1.21 -15.60
2020-12-11  -1    0  29988        0 -62395500 -62395500 1.21 -15.60
2020-12-14  -1    0  30123        0 -62395500 -62395500 1.21 -15.60
2020-12-15  -1    0  29919        0 -62395500 -62395500 1.21 -15.60
2020-12-16  -1    0  30191        0 -62395500 -62395500 1.22 -15.60
2020-12-17  -1    0  30216        0 -62395500 -62395500 1.22 -15.60
2020-12-18  -1    0  30314        0 -62395500 -62395500 1.22 -15.60
2020-12-21  -1    0  30159        0 -62395500 -62395500 1.22 -15.60
2020-12-22  -1    0  30200        0 -62395500 -62395500 1.22 -15.60
2020-12-23  -1    0  30046        0 -62395500 -62395500 1.21 -15.60
2020-12-24  -1    0  30155        0 -62395500 -62395500 1.22 -15.60
2020-12-28  -1    0  30283        0 -62395500 -62395500 1.22 -15.60
2020-12-29  -1    0  30492        0 -62395500 -62395500 1.23 -15.60
2020-12-30  -1    0  30415        0 -62395500 -62395500 1.23 -15.60
2020-12-31  -1    0  30417        0 -62395500 -62395500 1.23 -15.60
2021-01-04  -1    0  30627        0 -62395500 -62395500 1.23 -15.60
2021-01-05  -1    0  30204        0 -62395500 -62395500 1.22 -15.60
2021-01-06  -1    0  30362        0 -62395500 -62395500 1.22 -15.60
2021-01-07  +0    0  30901        0 -62395500 -62395500 1.25 -15.60
2021-01-08  +0    0  31069        0 -62395500 -62395500 1.25 -15.60
2021-01-11  +0    0  31015        0 -62395500 -62395500 1.25 -15.60
2021-01-12  +0    0  31015        0 -62395500 -62395500 1.25 -15.60
2021-01-13  +0    0  31084        0 -62395500 -62395500 1.25 -15.60
2021-01-14  +0    0  31085        0 -62395500 -62395500 1.25 -15.60
2021-01-15  +0    0  30926        0 -62395500 -62395500 1.25 -15.60
2021-01-19  +0    0  30887        0 -62395500 -62395500 1.24 -15.60
2021-01-20  -1    0  31017        0 -62395500 -62395500 1.25 -15.60
2021-01-21  -1    0  31198        0 -62395500 -62395500 1.26 -15.60
2021-01-22  -1    0  31141        0 -62395500 -62395500 1.26 -15.60
2021-01-25  -1    0  30989        0 -62395500 -62395500 1.25 -15.60
2021-01-26  -1    0  30968        0 -62395500 -62395500 1.25 -15.60
2021-01-27  -1    0  30893        0 -62395500 -62395500 1.25 -15.60
2021-01-28  +0    0  30377        0 -62395500 -62395500 1.22 -15.60
2021-01-29  +0    0  30553        0 -62395500 -62395500 1.23 -15.60
2021-02-01  +0    0  30054        0 -62395500 -62395500 1.21 -15.60
2021-02-02  +0    0  30276        0 -62395500 -62395500 1.22 -15.60
2021-02-03  +0    0  30689        0 -62395500 -62395500 1.24 -15.60
2021-02-04  +0    0  30737        0 -62395500 -62395500 1.24 -15.60
2021-02-05  -1    0  31093        0 -62395500 -62395500 1.25 -15.60
2021-02-08  -1    0  31191        0 -62395500 -62395500 1.26 -15.60
2021-02-09  +0    0  31359        0 -62395500 -62395500 1.26 -15.60
2021-02-10  +0    0  31428        0 -62395500 -62395500 1.27 -15.60
2021-02-11  +0    0  31466        0 -62395500 -62395500 1.27 -15.60
2021-02-12  +0    0  31420        0 -62395500 -62395500 1.27 -15.60
2021-02-16  +0    0  31472        0 -62395500 -62395500 1.27 -15.60
2021-02-17  +0    0  31485        0 -62395500 -62395500 1.27 -15.60
2021-02-18  +0    0  31558        0 -62395500 -62395500 1.27 -15.60
2021-02-19  +0    0  31504        0 -62395500 -62395500 1.27 -15.60
2021-02-22  +0    0  31381        0 -62395500 -62395500 1.26 -15.60
2021-02-23  +0    0  31501        0 -62395500 -62395500 1.27 -15.60
2021-02-24  +0    0  31499        0 -62395500 -62395500 1.27 -15.60
2021-02-25  +0    0  31955        0 -62395500 -62395500 1.29 -15.60
2021-02-26  -1    0  31401        0 -62395500 -62395500 1.27 -15.60
2021-03-01  +0    0  31065        0 -62395500 -62395500 1.25 -15.60
2021-03-02  -1    0  31535        0 -62395500 -62395500 1.27 -15.60
2021-03-03  -1    0  31352        0 -62395500 -62395500 1.26 -15.60
2021-03-04  -1    0  31289        0 -62395500 -62395500 1.26 -15.60
2021-03-05  +0    0  31029        0 -62395500 -62395500 1.25 -15.60
2021-03-08  -1    0  31512        0 -62395500 -62395500 1.27 -15.60
2021-03-09  -1    0  31892        0 -62395500 -62395500 1.29 -15.60
2021-03-10  -1    0  31906        0 -62395500 -62395500 1.29 -15.60
2021-03-11  +0    0  32354        0 -62395500 -62395500 1.30 -15.60
2021-03-12  +0    0  32462        0 -62395500 -62395500 1.31 -15.60
2021-03-15  +0    0  32798        0 -62395500 -62395500 1.32 -15.60
2021-03-16  +0    0  32966        0 -62395500 -62395500 1.33 -15.60
2021-03-17  +0    0  32825        0 -62395500 -62395500 1.32 -15.60
2021-03-18  +0    0  32928        0 -62395500 -62395500 1.33 -15.60
2021-03-19  +0    0  32858        0 -62395500 -62395500 1.32 -15.60
2021-03-22  +0    0  32601        0 -62395500 -62395500 1.31 -15.60
2021-03-23  +0    0  32691        0 -62395500 -62395500 1.32 -15.60
2021-03-24  +0    0  32470        0 -62395500 -62395500 1.31 -15.60
2021-03-25  -1    0  32346        0 -62395500 -62395500 1.30 -15.60
2021-03-26  -1    0  32681        0 -62395500 -62395500 1.32 -15.60
2021-03-29  -1    0  33087        0 -62395500 -62395500 1.33 -15.60
2021-03-30  -1    0  33127        0 -62395500 -62395500 1.34 -15.60
2021-03-31  -1    0  33116        0 -62395500 -62395500 1.33 -15.60
2021-04-01  -1    0  33054        0 -62395500 -62395500 1.33 -15.60
2021-04-05  -1    0  33222        0 -62395500 -62395500 1.34 -15.60
2021-04-06  +0    0  33500        0 -62395500 -62395500 1.35 -15.60
2021-04-07  +0    0  33444        0 -62395500 -62395500 1.35 -15.60
2021-04-08  +0    0  33469        0 -62395500 -62395500 1.35 -15.60
2021-04-09  +0    0  33526        0 -62395500 -62395500 1.35 -15.60
2021-04-12  +0    0  33775        0 -62395500 -62395500 1.36 -15.60
2021-04-13  +0    0  33721        0 -62395500 -62395500 1.36 -15.60
2021-04-14  +0    0  33668        0 -62395500 -62395500 1.36 -15.60
2021-04-15  +0    0  33788        0 -62395500 -62395500 1.36 -15.60
2021-04-16  +0    0  34058        0 -62395500 -62395500 1.37 -15.60
2021-04-19  +0    0  34182        0 -62395500 -62395500 1.38 -15.60
2021-04-20  +0    0  34034        0 -62395500 -62395500 1.37 -15.60
2021-04-21  -1    0  33808        0 -62395500 -62395500 1.36 -15.60
2021-04-22  -1    0  34109        0 -62395500 -62395500 1.37 -15.60
2021-04-23  -1    0  33804        0 -62395500 -62395500 1.36 -15.60
2021-04-26  -1    0  34044        0 -62395500 -62395500 1.37 -15.60
2021-04-27  -1    0  33932        0 -62395500 -62395500 1.37 -15.60
2021-04-28  -1    0  33860        0 -62395500 -62395500 1.36 -15.60
2021-04-29  -1    0  33855        0 -62395500 -62395500 1.36 -15.60
2021-04-30  -1    0  33988        0 -62395500 -62395500 1.37 -15.60
2021-05-03  -1    0  33904        0 -62395500 -62395500 1.37 -15.60
2021-05-04  -1    0  34080        0 -62395500 -62395500 1.37 -15.60
2021-05-05  -1    0  34163        0 -62395500 -62395500 1.38 -15.60
2021-05-06  -1    0  34245        0 -62395500 -62395500 1.38 -15.60
2021-05-07  -1    0  34578        0 -62395500 -62395500 1.39 -15.60
2021-05-10  +0    0  34785        0 -62395500 -62395500 1.40 -15.60
2021-05-11  +0    0  34572        0 -62395500 -62395500 1.39 -15.60
2021-05-12  +0    0  34206        0 -62395500 -62395500 1.38 -15.60
2021-05-13  +0    0  33624        0 -62395500 -62395500 1.36 -15.60
2021-05-14  +0    0  34050        0 -62395500 -62395500 1.37 -15.60
2021-05-17  -1    0  34375        0 -62395500 -62395500 1.39 -15.60
2021-05-18  -1    0  34351        0 -62395500 -62395500 1.38 -15.60
2021-05-19  +0    0  33945        0 -62395500 -62395500 1.37 -15.60
2021-05-20  +0    0  33906        0 -62395500 -62395500 1.37 -15.60
2021-05-21  +0    0  34121        0 -62395500 -62395500 1.38 -15.60
2021-05-24  -1    0  34253        0 -62395500 -62395500 1.38 -15.60
2021-05-25  -1    0  34428        0 -62395500 -62395500 1.39 -15.60
2021-05-26  -1    0  34336        0 -62395500 -62395500 1.38 -15.60
2021-05-27  -1    0  34432        0 -62395500 -62395500 1.39 -15.60
2021-05-28  -1    0  34558        0 -62395500 -62395500 1.39 -15.60
2021-06-01  +0    0  34584        0 -62395500 -62395500 1.39 -15.60
2021-06-02  +0    0  34614        0 -62395500 -62395500 1.40 -15.60
2021-06-03  +0    0  34550        0 -62395500 -62395500 1.39 -15.60
2021-06-04  +0    0  34618        0 -62395500 -62395500 1.40 -15.60
2021-06-07  +0    0  34766        0 -62395500 -62395500 1.40 -15.60
2021-06-08  +0    0  34645        0 -62395500 -62395500 1.40 -15.60
2021-06-09  +0    0  34626        0 -62395500 -62395500 1.40 -15.60
2021-06-10  -1    0  34502        0 -62395500 -62395500 1.39 -15.60
2021-06-11  -1    0  34499        0 -62395500 -62395500 1.39 -15.60
2021-06-14  -1    0  34472        0 -62395500 -62395500 1.39 -15.60
2021-06-15  -1    0  34397        0 -62395500 -62395500 1.39 -15.60
2021-06-16  +0    0  34308        0 -62395500 -62395500 1.38 -15.60
2021-06-17  +0    0  34014        0 -62395500 -62395500 1.37 -15.60
2021-06-18  +0    0  33622        0 -62395500 -62395500 1.36 -15.60
2021-06-21  +0    0  33312        0 -62395500 -62395500 1.34 -15.60
2021-06-22  +0    0  33872        0 -62395500 -62395500 1.37 -15.60
2021-06-23  +0    0  33948        0 -62395500 -62395500 1.37 -15.60
2021-06-24  +0    0  33933        0 -62395500 -62395500 1.37 -15.60
2021-06-25  +0    0  34328        0 -62395500 -62395500 1.38 -15.60
2021-06-28  -1    0  34428        0 -62395500 -62395500 1.39 -15.60
2021-06-29  +0    0  34338        0 -62395500 -62395500 1.38 -15.60
2021-06-30  +0    0  34290        0 -62395500 -62395500 1.38 -15.60
2021-07-01  +0    0  34507        0 -62395500 -62395500 1.39 -15.60
2021-07-02  +0    0  34642        0 -62395500 -62395500 1.40 -15.60
2021-07-06  +0    0  34790        0 -62395500 -62395500 1.40 -15.60
2021-07-07  +0    0  34604        0 -62395500 -62395500 1.39 -15.60
2021-07-08  +0    0  34569        0 -62395500 -62395500 1.39 -15.60
2021-07-09  +0    0  34457        0 -62395500 -62395500 1.39 -15.60
2021-07-12  +0    0  34836        0 -62395500 -62395500 1.40 -15.60
2021-07-13  +0    0  34959        0 -62395500 -62395500 1.41 -15.60
2021-07-14  +0    0  34920        0 -62395500 -62395500 1.41 -15.60
2021-07-15  +0    0  34924        0 -62395500 -62395500 1.41 -15.60
2021-07-16  +0    0  35007        0 -62395500 -62395500 1.41 -15.60
2021-07-19  +0    0  34528        0 -62395500 -62395500 1.39 -15.60
2021-07-20  +0    0  33981        0 -62395500 -62395500 1.37 -15.60
2021-07-21  -1    0  34556        0 -62395500 -62395500 1.39 -15.60
2021-07-22  -1    0  34799        0 -62395500 -62395500 1.40 -15.60
2021-07-23  -1    0  34855        0 -62395500 -62395500 1.40 -15.60
2021-07-26  -1    0  35055        0 -62395500 -62395500 1.41 -15.60
2021-07-27  +0    0  35078        0 -62395500 -62395500 1.41 -15.60
2021-07-28  +0    0  35109        0 -62395500 -62395500 1.42 -15.60
2021-07-29  +0    0  34985        0 -62395500 -62395500 1.41 -15.60
2021-07-30  +0    0  35013        0 -62395500 -62395500 1.41 -15.60
2021-08-02  +0    0  34968        0 -62395500 -62395500 1.41 -15.60
2021-08-03  +0    0  34864        0 -62395500 -62395500 1.41 -15.60
2021-08-04  +0    0  35047        0 -62395500 -62395500 1.41 -15.60
2021-08-05  +0    0  34815        0 -62395500 -62395500 1.40 -15.60
2021-08-06  -1    0  35077        0 -62395500 -62395500 1.41 -15.60
2021-08-09  -1    0  35229        0 -62395500 -62395500 1.42 -15.60
2021-08-10  -1    0  35135        0 -62395500 -62395500 1.42 -15.60
2021-08-11  +0    0  35300        0 -62395500 -62395500 1.42 -15.60
2021-08-12  +0    0  35481        0 -62395500 -62395500 1.43 -15.60
2021-08-13  +0    0  35551        0 -62395500 -62395500 1.43 -15.60
2021-08-16  +0    0  35490        0 -62395500 -62395500 1.43 -15.60
2021-08-17  +0    0  35500        0 -62395500 -62395500 1.43 -15.60
2021-08-18  +0    0  35310        0 -62395500 -62395500 1.42 -15.60
2021-08-19  +0    0  34874        0 -62395500 -62395500 1.41 -15.60
2021-08-20  +0    0  34917        0 -62395500 -62395500 1.41 -15.60
2021-08-23  -1    0  35160        0 -62395500 -62395500 1.42 -15.60
2021-08-24  -1    0  35382        0 -62395500 -62395500 1.43 -15.60
2021-08-25  -1    0  35388        0 -62395500 -62395500 1.43 -15.60
2021-08-26  -1    0  35449        0 -62395500 -62395500 1.43 -15.60
2021-08-27  -1    0  35231        0 -62395500 -62395500 1.42 -15.60
2021-08-30  -1    0  35471        0 -62395500 -62395500 1.43 -15.60
2021-08-31  -1    0  35391        0 -62395500 -62395500 1.43 -15.60
2021-09-01  -1    0  35387        0 -62395500 -62395500 1.43 -15.60
2021-09-02  -1    0  35353        0 -62395500 -62395500 1.43 -15.60
2021-09-03  -1    0  35401        0 -62395500 -62395500 1.43 -15.60
2021-09-07  -1    0  35373        0 -62395500 -62395500 1.43 -15.60
2021-09-08  +0    0  35087        0 -62395500 -62395500 1.41 -15.60
2021-09-09  +0    0  35013        0 -62395500 -62395500 1.41 -15.60
2021-09-10  +0    0  34949        0 -62395500 -62395500 1.41 -15.60
2021-09-13  +0    0  34665        0 -62395500 -62395500 1.40 -15.60
2021-09-14  +0    0  34906        0 -62395500 -62395500 1.41 -15.60
2021-09-15  +0    0  34580        0 -62395500 -62395500 1.39 -15.60
2021-09-16  +0    0  34810        0 -62395500 -62395500 1.40 -15.60
2021-09-17  +0    0  34737        0 -62395500 -62395500 1.40 -15.60
2021-09-20  +0    0  34459        0 -62395500 -62395500 1.39 -15.60
2021-09-21  +0    0  34025        0 -62395500 -62395500 1.37 -15.60
2021-09-22  +0    0  34006        0 -62395500 -62395500 1.37 -15.60
2021-09-23  +0    0  34296        0 -62395500 -62395500 1.38 -15.60
2021-09-24  +0    0  34762        0 -62395500 -62395500 1.40 -15.60
2021-09-27  +0    0  34739        0 -62395500 -62395500 1.40 -15.60
2021-09-28  +0    0  34747        0 -62395500 -62395500 1.40 -15.60
2021-09-29  +0    0  34360        0 -62395500 -62395500 1.38 -15.60
2021-09-30  +0    0  34467        0 -62395500 -62395500 1.39 -15.60
2021-10-01  +0    0  33930        0 -62395500 -62395500 1.37 -15.60
2021-10-04  +0    0  34312        0 -62395500 -62395500 1.38 -15.60
2021-10-05  +0    0  34035        0 -62395500 -62395500 1.37 -15.60
2021-10-06  +0    0  34198        0 -62395500 -62395500 1.38 -15.60
2021-10-07  +0    0  34509        0 -62395500 -62395500 1.39 -15.60
2021-10-08  +0    0  34757        0 -62395500 -62395500 1.40 -15.60
2021-10-11  +0    0  34723        0 -62395500 -62395500 1.40 -15.60
2021-10-12  +1  100  34507  3450700 -65846200 -62395500 1.39 -15.60
2021-10-13  +1  100  34372  3437200 -69283400 -65846200 1.39 -16.46
2021-10-14  +1  100  34443  3444300 -72727700 -69283400 1.39 -17.32
2021-10-15  +0  100  35023  3502300 -72727700 -69225400 1.41 -17.31
2021-10-18  +0  100  35221  3522100 -72727700 -69205600 1.42 -17.30
2021-10-19  +0  100  35325  3532500 -72727700 -69195200 1.42 -17.30
2021-10-20  +0  100  35475  3547500 -72727700 -69180200 1.43 -17.30
2021-10-21  +0  100  35520  3552000 -72727700 -69175700 1.43 -17.29
2021-10-22  +0  100  35607  3560700 -72727700 -69167000 1.44 -17.29
2021-10-25  +0  100  35692  3569200 -72727700 -69158500 1.44 -17.29
2021-10-26  +0  100  35791  3579100 -72727700 -69148600 1.44 -17.29
2021-10-27  +0  100  35835  3583500 -72727700 -69144200 1.44 -17.29
2021-10-28  +0  100  35545  3554500 -72727700 -69173200 1.43 -17.29
2021-10-29  +0  100  35712  3571200 -72727700 -69156500 1.44 -17.29
2021-11-01  +0  100  35833  3583300 -72727700 -69144400 1.44 -17.29
2021-11-02  +0  100  35935  3593500 -72727700 -69134200 1.45 -17.28
2021-11-03  +0  100  36059  3605900 -72727700 -69121800 1.45 -17.28
2021-11-04  +0  100  36107  3610700 -72727700 -69117000 1.46 -17.28
2021-11-05  +0  100  36268  3626800 -72727700 -69100900 1.46 -17.28
2021-11-08  +0  100  36416  3641600 -72727700 -69086100 1.47 -17.27
2021-11-09  +0  100  36404  3640400 -72727700 -69087300 1.47 -17.27
2021-11-10  +0  100  36299  3629900 -72727700 -69097800 1.46 -17.27
2021-11-11  +0  100  36038  3603800 -72727700 -69123900 1.45 -17.28
2021-11-12  -1    0  35963        0 -69131400 -69131400 1.45 -17.28
2021-11-15  -1    0  36128        0 -69131400 -69131400 1.46 -17.28
2021-11-16  -1    0  36076        0 -69131400 -69131400 1.45 -17.28
2021-11-17  -1    0  36159        0 -69131400 -69131400 1.46 -17.28
2021-11-18  -1    0  35901        0 -69131400 -69131400 1.45 -17.28
2021-11-19  +0    0  35879        0 -69131400 -69131400 1.45 -17.28
2021-11-22  +0    0  35631        0 -69131400 -69131400 1.44 -17.28
2021-11-23  +0    0  35619        0 -69131400 -69131400 1.44 -17.28
2021-11-24  +0    0  35752        0 -69131400 -69131400 1.44 -17.28
2021-11-26  +0    0  35366        0 -69131400 -69131400 1.43 -17.28
2021-11-29  +0    0  35017        0 -69131400 -69131400 1.41 -17.28
2021-11-30  +0    0  35056        0 -69131400 -69131400 1.41 -17.28
2021-12-01  +0    0  34678        0 -69131400 -69131400 1.40 -17.28
2021-12-02  +0    0  34076        0 -69131400 -69131400 1.37 -17.28
2021-12-03  +0    0  34692        0 -69131400 -69131400 1.40 -17.28
2021-12-06  +0    0  34633        0 -69131400 -69131400 1.40 -17.28
2021-12-07  +0    0  35423        0 -69131400 -69131400 1.43 -17.28
2021-12-08  -1    0  35716        0 -69131400 -69131400 1.44 -17.28
2021-12-09  +0    0  35722        0 -69131400 -69131400 1.44 -17.28
2021-12-10  +0    0  35830        0 -69131400 -69131400 1.44 -17.28
2021-12-13  +0    0  35958        0 -69131400 -69131400 1.45 -17.28
2021-12-14  +0    0  35605        0 -69131400 -69131400 1.44 -17.28
2021-12-15  +0    0  35549        0 -69131400 -69131400 1.43 -17.28
2021-12-16  +0    0  36036        0 -69131400 -69131400 1.45 -17.28
2021-12-17  +0    0  35800        0 -69131400 -69131400 1.44 -17.28
2021-12-20  +0    0  35222        0 -69131400 -69131400 1.42 -17.28
2021-12-21  +0    0  35069        0 -69131400 -69131400 1.41 -17.28
2021-12-22  -1    0  35491        0 -69131400 -69131400 1.43 -17.28
2021-12-23  -1    0  35782        0 -69131400 -69131400 1.44 -17.28
2021-12-27  +0    0  35954        0 -69131400 -69131400 1.45 -17.28
2021-12-28  +0    0  36302        0 -69131400 -69131400 1.46 -17.28
2021-12-29  +0    0  36421        0 -69131400 -69131400 1.47 -17.28
2021-12-30  +0    0  36522        0 -69131400 -69131400 1.47 -17.28
2021-12-31  +0    0  36385        0 -69131400 -69131400 1.47 -17.28
2022-01-03  +0    0  36321        0 -69131400 -69131400 1.46 -17.28
2022-01-04  +0    0  36636        0 -69131400 -69131400 1.48 -17.28
2022-01-05  +0    0  36722        0 -69131400 -69131400 1.48 -17.28
2022-01-06  +0    0  36409        0 -69131400 -69131400 1.47 -17.28
2022-01-07  +0    0  36249        0 -69131400 -69131400 1.46 -17.28
2022-01-10  +0    0  36175        0 -69131400 -69131400 1.46 -17.28
2022-01-11  -1    0  36058        0 -69131400 -69131400 1.45 -17.28
2022-01-12  -1    0  36336        0 -69131400 -69131400 1.46 -17.28
2022-01-13  -1    0  36312        0 -69131400 -69131400 1.46 -17.28
2022-01-14  -1    0  35996        0 -69131400 -69131400 1.45 -17.28
2022-01-18  +0    0  35661        0 -69131400 -69131400 1.44 -17.28
2022-01-19  +0    0  35412        0 -69131400 -69131400 1.43 -17.28
2022-01-20  +0    0  35102        0 -69131400 -69131400 1.41 -17.28
2022-01-21  +0    0  34701        0 -69131400 -69131400 1.40 -17.28
2022-01-24  +0    0  34070        0 -69131400 -69131400 1.37 -17.28
2022-01-25  +0    0  34186        0 -69131400 -69131400 1.38 -17.28
2022-01-26  +0    0  34520        0 -69131400 -69131400 1.39 -17.28
2022-01-27  +0    0  34261        0 -69131400 -69131400 1.38 -17.28
2022-01-28  +0    0  34135        0 -69131400 -69131400 1.38 -17.28
2022-01-31  +0    0  34691        0 -69131400 -69131400 1.40 -17.28
2022-02-01  +0    0  35151        0 -69131400 -69131400 1.42 -17.28
2022-02-02  +1  100  35378  3537800 -72669200 -69131400 1.43 -17.28
2022-02-03  +0  100  35520  3552000 -72669200 -69117200 1.43 -17.28
2022-02-04  +1  100  35095  3509500 -76178700 -72669200 1.41 -18.17
2022-02-07  +1  100  35108  3510800 -79689500 -76178700 1.42 -19.04
2022-02-08  +1  100  35160  3516000 -83205500 -79689500 1.42 -19.92
2022-02-09  +0  100  35614  3561400 -83205500 -79644100 1.44 -19.91
2022-02-10  +0  100  35630  3563000 -83205500 -79642500 1.44 -19.91
2022-02-11  +1  100  35267  3526700 -86732200 -83205500 1.42 -20.80
2022-02-14  +1  100  34694  3469400 -90201600 -86732200 1.40 -21.68
2022-02-15  +1  100  34686  3468600 -93670200 -90201600 1.40 -22.55
2022-02-16  +0  100  34951  3495100 -93670200 -90175100 1.41 -22.54
2022-02-17  +0  100  34858  3485800 -93670200 -90184400 1.41 -22.55
2022-02-18  +0  100  34310  3431000 -93670200 -90239200 1.38 -22.56
2022-02-22  +0  100  33974  3397400 -93670200 -90272800 1.37 -22.57
2022-02-23  +0  100  33680  3368000 -93670200 -90302200 1.36 -22.58
2022-02-24  +0  100  32830  3283000 -93670200 -90387200 1.32 -22.60
2022-02-25  +0  100  33277  3327700 -93670200 -90342500 1.34 -22.59
2022-02-28  +0  100  33870  3387000 -93670200 -90283200 1.37 -22.57
2022-03-01  +0  100  33813  3381300 -93670200 -90288900 1.36 -22.57
2022-03-02  +0  100  33379  3337900 -93670200 -90332300 1.35 -22.58
2022-03-03  +0  100  33972  3397200 -93670200 -90273000 1.37 -22.57
2022-03-04  +0  100  33655  3365500 -93670200 -90304700 1.36 -22.58
2022-03-07  +1  100  33579  3357900 -97028100 -93670200 1.35 -23.42
2022-03-08  +0  100  32885  3288500 -97028100 -93739600 1.33 -23.43
2022-03-09  +0  100  32860  3286000 -97028100 -93742100 1.32 -23.44
2022-03-10  +0  100  33106  3310600 -97028100 -93717500 1.33 -23.43
2022-03-11  +0  100  33279  3327900 -97028100 -93700200 1.34 -23.43
2022-03-14  +0  100  33000  3300000 -97028100 -93728100 1.33 -23.43
2022-03-15  +0  100  32989  3298900 -97028100 -93729200 1.33 -23.43
2022-03-16  +1  100  33653  3365300 -100393400 -97028100 1.36 -24.26
2022-03-17  +0  100  33995  3399500 -100393400 -96993900 1.37 -24.25
2022-03-18  +0  100  34466  3446600 -100393400 -96946800 1.39 -24.24
2022-03-21  +0  100  34669  3466900 -100393400 -96926500 1.40 -24.23
2022-03-22  +0  100  34583  3458300 -100393400 -96935100 1.39 -24.23
2022-03-23  +0  100  34748  3474800 -100393400 -96918600 1.40 -24.23
2022-03-24  +0  100  34406  3440600 -100393400 -96952800 1.39 -24.24
2022-03-25  +0  100  34702  3470200 -100393400 -96923200 1.40 -24.23
2022-03-28  +0  100  34833  3483300 -100393400 -96910100 1.40 -24.23
2022-03-29  +0  100  35114  3511400 -100393400 -96882000 1.42 -24.22
2022-03-30  +0  100  35273  3527300 -100393400 -96866100 1.42 -24.22
2022-03-31  +0  100  35201  3520100 -100393400 -96873300 1.42 -24.22
2022-04-01  +0  100  34740  3474000 -100393400 -96919400 1.40 -24.23
2022-04-04  +0  100  34799  3479900 -100393400 -96913500 1.40 -24.23
2022-04-05  +0  100  34876  3487600 -100393400 -96905800 1.41 -24.23
2022-04-06  +0  100  34520  3452000 -100393400 -96941400 1.39 -24.24
2022-04-07  +0  100  34439  3443900 -100393400 -96949500 1.39 -24.24
2022-04-08  +0  100  34569  3456900 -100393400 -96936500 1.39 -24.23
2022-04-11  +0  100  34630  3463000 -100393400 -96930400 1.40 -24.23
2022-04-12  +0  100  34412  3441200 -100393400 -96952200 1.39 -24.24
2022-04-13  +0  100  34166  3416600 -100393400 -96976800 1.38 -24.24
2022-04-14  +0  100  34628  3462800 -100393400 -96930600 1.40 -24.23
2022-04-18  +0  100  34411  3441100 -100393400 -96952300 1.39 -24.24
2022-04-19  +0  100  34394  3439400 -100393400 -96954000 1.39 -24.24
2022-04-20  +0  100  34962  3496200 -100393400 -96897200 1.41 -24.22
2022-04-21  +0  100  35258  3525800 -100393400 -96867600 1.42 -24.22
2022-04-22  +0  100  34727  3472700 -100393400 -96920700 1.40 -24.23
2022-04-25  +0  100  33731  3373100 -100393400 -97020300 1.36 -24.26
2022-04-26  +0  100  33907  3390700 -100393400 -97002700 1.37 -24.25
2022-04-27  +0  100  33450  3345000 -100393400 -97048400 1.35 -24.26
2022-04-28  +0  100  33425  3342500 -100393400 -97050900 1.35 -24.26
