0 60475248 4752 0 0 0
1 60475153 4209 589 686 1276
2 60474900 3885 1038 1307 2346
3 60474526 3718 1392 1891 3283
4 60474054 3664 1681 2458 4140
5 60473500 3693 1927 3024 4952
6 60472875 3785 2147 3599 5746
7 60472185 3924 2350 4192 6543
8 60471435 4102 2546 4810 7357
9 60470625 4311 2740 5458 8198
10 60469755 4548 2935 6139 9075
11 60468825 4810 3136 6860 9996
12 60467832 5096 3344 7622 10967
13 60466774 5404 3562 8431 11993
14 60465647 5735 3792 9288 13080
15 60464449 6089 4034 10198 14232
16 60463174 6468 4290 11165 15455
17 60461818 6871 4561 12192 16753
18 60460377 7300 4848 13283 18132
19 60458845 7757 5154 14442 19596
20 60457216 8243 5478 15673 21152
21 60455486 8759 5822 16982 22805
22 60453647 9308 6188 18373 24561
23 60451692 9892 6576 19851 26428
24 60449615 10512 6989 21422 28411
25 60447407 11171 7427 23091 30519
26 60445061 11872 7894 24865 32759
27 60442568 12616 8389 26750 35139
28 60439918 13407 8915 28753 37669
29 60437103 14248 9474 30882 40357
30 60434111 15141 10069 33145 43214
31 60430931 16091 10700 35549 46249
32 60427553 17099 11371 38104 49475
33 60423962 18171 12084 40819 52903
34 60420147 19310 12842 43704 56546
35 60416093 20520 13647 46770 60417
36 60411785 21805 14502 50028 64531
37 60407207 23171 15411 53490 68902
38 60402343 24623 16377 57169 73547
39 60397174 26165 17403 61079 78483
40 60391682 27803 18494 65233 83728
41 60385847 29543 19652 69648 89301
42 60379647 31392 20883 74338 95222
43 60373059 33357 22191 79323 101514
44 60366059 35444 23581 84619 108200
45 60358622 37660 25057 90246 115303
46 60350720 40015 26625 96225 122851
47 60342325 42517 28291 102578 130870
48 60333406 45174 30061 109329 139390
49 60323931 47996 31941 116501 148443
50 60313865 50994 33939 124121 158060
51 60303171 54178 36060 132217 168277
52 60291811 57559 38314 140818 179132
53 60279743 61150 40708 149956 190664
54 60266924 64964 43250 159664 202914
55 60253308 69013 45951 169977 215928
56 60238845 73313 48819 180933 229752
57 60223483 77879 51865 192571 244436
58 60207167 82726 55099 204934 260034
59 60189839 87872 58534 218066 276600
60 60171436 93335 62181 232015 294197
61 60151894 99134 66054 246831 312885
62 60131141 105289 70165 262567 332732
63 60109105 111822 74531 279279 353810
64 60085707 118755 79164 297028 376193
65 60060864 126112 84083 315878 399962
66 60034490 133918 89305 335894 425199
67 60006492 142200 94846 357149 451996
68 59976771 150985 100727 379718 480445
69 59945224 160303 106968 403680 510648
70 59911742 170186 113589 429120 542710
71 59876208 180666 120614 456128 576743
72 59838501 191778 128067 484798 612865
73 59798491 203557 135972 515230 651202
74 59756043 216043 144356 547530 691886
75 59711011 229275 153246 581810 735057
76 59663245 243296 162673 618187 780861
77 59612584 258149 172667 656788 829455
78 59558860 273882 183260 697743 881003
79 59501896 290542 194486 741191 935678
80 59441504 308179 206382 787280 993662
81 59377488 326848 218985 836163 1055149
82 59309642 346604 232334 888005 1120339
83 59237749 367503 246470 942976 1189447
84 59161582 389606 261436 1001258 1262695
85 59080901 412975 277279 1063040 1340319
86 58995456 437675 294043 1128523 1422567
87 58904987 463772 311780 1197916 1509696
88 58809219 491336 330539 1271440 1601980
89 58707866 520438 350374 1349327 1699701
90 58600631 551150 371339 1431818 1803157
91 58487203 583549 393492 1519168 1912660
92 58367258 617711 416892 1611641 2028534
93 58240461 653714 441599 1709517 2151116
94 58106464 691639 467676 1813084 2280761
95 57964904 731565 495187 1922645 2417833
96 57815411 773574 524199 2038513 2562713
97 57657597 817748 554778 2161017 2715795
98 57491068 864167 586992 2290495 2877488
99 57315416 912913 620912 2427300 3048213
100 57130224 964065 656607 2571796 3228403
101 56935065 1017699 694148 2724359 3418508
102 56729505 1073890 733604 2885378 3618983
103 56513104 1132709 775046 3055252 3830299
104 56285414 1194221 818544 3234391 4052935
105 56045986 1258489 864163 3423214 4287378
106 55794368 1325566 911971 3622150 4534122
107 55530109 1395498 962030 3831635 4793665
108 55252760 1468322 1014399 4052112 5066511
109 54961880 1544067 1069133 4284028 5353162
110 54657034 1622746 1126283 4527835 5654119
111 54337802 1704363 1185893 4783985 5969879
112 54003776 1788904 1248000 5052929 6300930
113 53654571 1876340 1312633 5335116 6647750
114 53289823 1966624 1379811 5630988 7010800
115 52909196 2059690 1449545 5940980 7390525
116 52512386 2155449 1521832 6265511 7787343
117 52099128 2253792 1596656 6604991 8201647
118 51669196 2354582 1673990 6959805 8633795
119 51222413 2457660 1753788 7330320 9084108
120 50758651 2562839 1835988 7716873 9552862
121 50277841 2669903 1920513 8119771 10040285
122 49779974 2778608 2007264 8539287 10546551
123 49265108 2888682 2096121 8975653 11071774
124 48733372 2999822 2186946 9429056 11616002
125 48184966 3111697 2279576 9899636 12179212
126 47620173 3223946 2373827 10387478 12761306
127 47039353 3336183 2469492 10892611 13362103
128 46442952 3447992 2566338 11415001 13981339
129 45831501 3558935 2664111 11954548 14618660
130 45205615 3668553 2762534 12511085 15273619
131 44565997 3776367 2861305 13084370 15945676
132 43913433 3881883 2960103 13674088 16634192
133 43248793 3984595 3058585 14279846 17338432
134 42573026 4083992 3156391 14901173 18057565
135 41887156 4179559 3253143 15537519 18790663
136 41192277 4270787 3348450 16188255 19536706
137 40489548 4357173 3441910 16852673 20294584
138 39780182 4438230 3533111 17529991 21063102
139 39065442 4513489 3621638 18219351 21840989
140 38346630 4582510 3707076 18919825 22626902
141 37625077 4644882 3789011 19630422 23419434
142 36902135 4700230 3867036 20350089 24217125
143 36179164 4748222 3940757 21077716 25018473
144 35457523 4788571 4009794 21812149 25821943
145 34738560 4821039 4073787 22552191 26625979
146 34023598 4845441 4132400 23296615 27429015
147 33313930 4861647 4185322 24044166 28229489
148 32610807 4869583 4232275 24793578 29025853
149 31915429 4869233 4273015 25543573 29816588
150 31228936 4860638 4307333 26292878 30600212
151 30552404 4843893 4335060 27040231 31375291
152 29886835 4819150 4356068 27784387 32140455
153 29233157 4786611 4370269 28524129 32894399
154 28592214 4746527 4377620 29258276 33635897
155 27964767 4699195 4378119 29985687 34363807
156 27351494 4644949 4371807 30705273 35077080
157 26752983 4584163 4358765 31415996 35774762
158 26169737 4517237 4339115 32116880 36455996
159 25602177 4444601 4313016 32807012 37120028
160 25050639 4366701 4280662 33485547 37766210
161 24515377 4284000 4242282 34151709 38393991
162 23996574 4196971 4198130 34804797 39002927
163 23494335 4106091 4148491 35444179 39592670
164 23008701 4011836 4093669 36069300 40162969
165 22539647 3914679 4033990 36679675 40713666
166 22087089 3815084 3969795 37274896 41244692
167 21650892 3713504 3901437 37854620 41756057
168 21230871 3610374 3829275 38418575 42247851
169 20826798 3506116 3753678 38966557 42720236
170 20438406 3401127 3675013 39498422 43173435
171 20065395 3295785 3593647 40014086 43607733
172 19707436 3190444 3509943 40513524 44023467
173 19364175 3085433 3424257 40996760 44421018
174 19035239 2981058 3336938 41463870 44800808
175 18720236 2877598 3248321 41914973 45163295
176 18418764 2775306 3158731 42350230 45508962
177 18130410 2674413 3068477 42769839 45838317
178 17854753 2575123 2977854 43174032 46151886
179 17591371 2477617 2887138 43563069 46450207
180 17339839 2382054 2796590 43937238 46733828
181 17099731 2288571 2706453 44296849 47003302
182 16870628 2197283 2616952 44642231 47259183
183 16652111 2108287 2528293 44973730 47502023
184 16443769 2021661 2440665 45291705 47732370
185 16245199 1937466 2354239 45596526 47950766
186 16056002 1855748 2269169 45888572 48157741
187 15875793 1776538 2185592 46168225 48353818
188 15704194 1699854 2103627 46435875 48539502
189 15540836 1625702 2023380 46691911 48715291
190 15385363 1554078 1944940 46936721 48881662
191 15237429 1484967 1868383 47170696 49039080
192 15096700 1418346 1793773 47394219 49187992
193 14962851 1354186 1721158 47607673 49328831
194 14835571 1292449 1650577 47811433 49462011
195 14714560 1233092 1582058 48005869 49587928
196 14599528 1176069 1515620 48191345 49706965
197 14490196 1121328 1451269 48368216 49819485
198 14386297 1068814 1389007 48536829 49925836
199 14287576 1018469 1328827 48697522 50026349
200 14193786 970234 1270714 48850626 50121340
201 14104691 924046 1214649 48996459 50211108
202 14020067 879844 1160606 49135334 50295940
203 13939697 837565 1108555 49267550 50376106
204 13863375 797143 1058463 49393399 50451863
205 13790905 758516 1010291 49513163 50523454
206 13722097 721620 963998 49627111 50591110
207 13656772 686392 919542 49735507 50655050
208 13594758 652770 876876 49838603 50715479
209 13535893 620692 835954 49936640 50772594
210 13480020 590097 796726 50029852 50826579
211 13426990 560928 759145 50118463 50877609
212 13376661 533126 723158 50202688 50925847
213 13328900 506634 688717 50282733 50971451
214 13283576 481398 655769 50358796 51014566
215 13240569 457365 624265 50431066 51055332
216 13199762 434482 594154 50499724 51093879
217 13161043 412701 565387 50564943 51130330
218 13124308 391971 537913 50626890 51164804
219 13089456 372248 511685 50685722 51197408
220 13056392 353485 486655 50741592 51228247
221 13025025 335639 462776 50794643 51257419
222 12995270 318668 440002 50845013 51285016
223 12967044 302532 418289 50892835 51311125
224 12940269 287193 397593 50938234 51335827
225 12914872 272612 377871 50981330 51359202
226 12890783 258755 359084 51022236 51381321
227 12867934 245587 341190 51061062 51402253
228 12846263 233076 324152 51097911 51422064
229 12825709 221190 307932 51132882 51440815
230 12806214 209899 292494 51166068 51458563
231 12787726 199175 277804 51197560 51475364
232 12770191 188989 263827 51227442 51491269
233 12753562 179317 250532 51255795 51506327
234 12737791 170133 237887 51282697 51520584
235 12722835 161412 225862 51308220 51534082
236 12708652 153133 214429 51332434 51546864
237 12695202 145273 203561 51355407 51558968
238 12682447 137812 193231 51377199 51570430
239 12670351 130730 183413 51397872 51581286
240 12658881 124009 174083 51417483 51591567
241 12648005 117629 165219 51436085 51601304
242 12637691 111575 156797 51453730 51610527
243 12627911 105830 148797 51470466 51619263
244 12618638 100378 141198 51486340 51627539
245 12609844 95204 133981 51501397 51635378
246 12601506 90296 127127 51515677 51642804
247 12593599 85638 120619 51529221 51649840
248 12586102 81219 114439 51542066 51656505
249 12578993 77027 108572 51554248 51662820
250 12572253 73050 103002 51565801 51668804
251 12565862 69277 97714 51576758 51674473
252 12559802 65698 92695 51587149 51679844
253 12554056 62303 87931 51597003 51684934
254 12548608 59083 83409 51606347 51689757
255 12543443 56028 79117 51615209 51694327
256 12538545 53131 75045 51623612 51698658
257 12533901 50382 71180 51631581 51702762
258 12529498 47776 67513 51639138 51706651
259 12525323 45303 64033 51646303 51710337
260 12521365 42959 60732 51653098 51713830
261 12517612 40735 57599 51659541 51717140
262 12514054 38626 54627 51665650 51720277
263 12510680 36626 51807 51671443 51723251
264 12507481 34729 49132 51676936 51726069
265 12504448 32930 46595 51682145 51728740
266 12501573 31224 44187 51687083 51731271
267 12498847 29606 41904 51691766 51733671
268 12496262 28072 39738 51696207 51735945
269 12493811 26617 37683 51700417 51738100
270 12491488 25238 35734 51704409 51740144
271 12489285 23929 33886 51708194 51742080
272 12487196 22689 32133 51711783 51743916
273 12485216 21512 30470 51715185 51745656
274 12483338 20397 28893 51718412 51747305
275 12481558 19339 27397 51721471 51748868
276 12479871 18336 25979 51724371 51750350
277 12478271 17385 24633 51727121 51751755
278 12476754 16484 23358 51729729 51753087
279 12475315 15629 22148 51732201 51754349
280 12473952 14818 21000 51734545 51755546
281 12472659 14049 19912 51736767 51756680
282 12471433 13320 18880 51738874 51757755
283 12470271 12629 17902 51740872 51758774
284 12469169 11974 16974 51742766 51759740
285 12468125 11353 16094 51744562 51760656
286 12467135 10764 15260 51746264 51761525
287 12466196 10205 14469 51747879 51762348
288 12465305 9675 13719 51749409 51763128
289 12464461 9173 13007 51750860 51763868
290 12463661 8697 12333 51752236 51764569
291 12462903 8246 11693 51753540 51765234
292 12462184 7818 11087 51754777 51765864
293 12461502 7412 10511 51755949 51766461
294 12460855 7027 9966 51757061 51767028
295 12460242 6662 9449 51758115 51767565
296 12459661 6317 8959 51759114 51768074
297 12459110 5989 8494 51760062 51768556
298 12458588 5678 8053 51760960 51769014
299 12458093 5383 7635 51761811 51769447
300 12457623 5104 7239 51762619 51769859
