Date,deaths,Td,Deaths/Mil.
2020/02/21,1,1.279,0.017
2020/02/22,2,1.825,0.033
2020/02/23,3,2.001,0.050
2020/02/24,6,2.221,0.099
2020/02/25,10,2.367,0.165
2020/02/26,12,2.504,0.198
2020/02/27,17,2.724,0.281
2020/02/28,21,2.936,0.347
2020/02/29,29,2.938,0.479
2020/03/01,34,3.298,0.562
2020/03/02,52,3.224,0.860
2020/03/03,79,3.465,1.306
2020/03/04,107,3.479,1.769
2020/03/05,148,3.554,2.447
2020/03/06,197,3.628,3.257
2020/03/07,233,3.791,3.853
2020/03/08,366,4.008,6.052
2020/03/09,463,4.350,7.655
2020/03/10,631,4.283,10.433
2020/03/11,827,4.609,13.674
2020/03/12,1016,4.858,16.799
2020/03/13,1266,4.955,20.933
2020/03/14,1441,5.222,23.826
2020/03/15,1809,5.570,29.911
2020/03/16,2158,5.872,35.681
2020/03/17,2503,6.169,41.386
2020/03/18,2978,6.613,49.239
2020/03/19,3405,7.189,56.300
2020/03/20,4032,7.960,66.667
